 3510.00 0.9549955
 3511.40 0.9617948
 3512.80 0.9705366
 3514.20 0.9718318
 3515.60 0.9676227
 3517.00 0.9656800
 3518.40 0.9721555
 3519.80 0.9796023
 3521.20 0.9715080
 3522.60 0.9698891
 3524.00 0.9770122
 3525.40 0.9951435
 3526.80 1.0000000
 3528.20 0.9987049
 3529.60 0.9906106
 3531.00 0.9608234
 3532.40 0.9592046
 3533.80 0.9779835
 3535.20 0.9902868
 3536.60 0.9944959
 3538.00 0.9825163
 3539.40 0.9705366
 3540.80 0.9630898
 3542.20 0.9815450
 3543.60 0.9980573
 3545.00 0.9974099
 3546.40 0.9818687
 3547.80 0.9724793
 3549.20 0.9828400
 3550.60 0.9770122
 3552.00 0.9744219
 3553.40 0.9611472
 3554.80 0.9676227
 3556.20 0.9740982
 3557.60 0.9715080
 3559.00 0.9524053
 3560.40 0.9391306
 3561.80 0.9307125
 3563.20 0.9255322
 3564.60 0.9138763
 3566.00 0.9093435
 3567.40 0.9203518
 3568.80 0.9219706
 3570.20 0.9190567
 3571.60 0.9112861
 3573.00 0.8980114
 3574.40 0.8837654
 3575.80 0.8675767
 3577.20 0.8598061
 3578.60 0.8481503
 3580.00 0.8523593
 3581.40 0.8698431
 3582.80 0.8853842
 3584.20 0.8899171
 3585.60 0.8827941
 3587.00 0.8785850
 3588.40 0.8798801
 3589.80 0.8853842
 3591.20 0.8750235
 3592.60 0.8568922
 3594.00 0.8397322
 3595.40 0.8364945
 3596.80 0.8536545
 3598.20 0.8682242
 3599.60 0.8627201
 3601.00 0.8530069
 3602.40 0.8429699
 3603.80 0.8374658
 3605.20 0.8419986
 3606.60 0.8526831
 3608.00 0.8649865
 3609.40 0.8711382
 3610.80 0.8724333
 3612.20 0.8737284
 3613.60 0.8682242
 3615.00 0.8517118
 3616.40 0.8397322
 3617.80 0.8394084
 3619.20 0.8403797
 3620.60 0.8419986
 3622.00 0.8426461
 3623.40 0.8384371
 3624.80 0.8348756
 3626.20 0.8377896
 3627.60 0.8462077
 3629.00 0.8526831
 3630.40 0.8445888
 3631.80 0.8319616
 3633.20 0.8351994
 3634.60 0.8449125
 3636.00 0.8445888
 3637.40 0.8407035
 3638.80 0.8377896
 3640.20 0.8216009
 3641.60 0.8212771
 3643.00 0.8284002
 3644.40 0.8426461
 3645.80 0.8507405
 3647.20 0.8374658
 3648.60 0.8306666
 3650.00 0.8458839
 3651.40 0.8513881
 3652.80 0.8659578
 3654.20 0.8918597
 3655.60 0.8999541
 3657.00 0.8831178
 3658.40 0.8646628
 3659.80 0.8711382
 3661.20 0.8666054
 3662.60 0.8588348
 3664.00 0.8517118
 3665.40 0.8416748
 3666.80 0.8339043
 3668.20 0.8303428
 3669.60 0.8358469
 3671.00 0.8264575
 3672.40 0.8160967
 3673.80 0.8326092
 3675.20 0.8271050
 3676.60 0.8238673
 3678.00 0.8241911
 3679.40 0.8157730
 3680.80 0.8125352
 3682.20 0.8170680
 3683.60 0.8309903
 3685.00 0.8160967
 3686.40 0.8031458
 3687.80 0.8089737
 3689.20 0.8193344
 3690.60 0.7999081
 3692.00 0.7795104
 3693.40 0.7953753
 3694.80 0.8303428
 3696.20 0.8455601
 3697.60 0.8439413
 3699.00 0.8400559
 3700.40 0.8235435
 3701.80 0.8099451
 3703.20 0.7969941
 3704.60 0.7924613
 3706.00 0.7833956
 3707.40 0.7898711
 3708.80 0.7937564
 3710.20 0.7898711
 3711.60 0.7901949
 3713.00 0.7950515
 3714.40 0.8008794
 3715.80 0.8021745
 3717.20 0.8024983
 3718.60 0.8008794
 3720.00 0.7879285
 3721.40 0.7727111
 3722.80 0.7714160
 3724.20 0.7775677
 3725.60 0.7662356
 3727.00 0.7497232
 3728.40 0.7561987
 3729.80 0.7701209
 3731.20 0.7759488
 3732.60 0.7791866
 3734.00 0.7827481
 3735.40 0.7827481
 3736.80 0.7717398
 3738.20 0.7659118
 3739.60 0.7756250
 3741.00 0.7824243
 3742.40 0.7840432
 3743.80 0.7895473
 3745.20 0.7966703
 3746.60 0.7947277
 3748.00 0.7840432
 3749.40 0.7578175
 3750.80 0.7351534
 3752.20 0.7014809
 3753.60 0.6817308
 3755.00 0.7063375
 3756.40 0.7280304
 3757.80 0.7328870
 3759.20 0.7374198
 3760.60 0.7354772
 3762.00 0.7406575
 3763.40 0.7532847
 3764.80 0.7710922
 3766.20 0.7688258
 3767.60 0.7290017
 3769.00 0.6972719
 3770.40 0.6830259
 3771.80 0.6752553
 3773.20 0.6804357
 3774.60 0.7073089
 3776.00 0.7413051
 3777.40 0.7694734
 3778.80 0.7811292
 3780.20 0.7821006
 3781.60 0.7931088
 3783.00 0.7885760
 3784.40 0.7837194
 3785.80 0.7821006
 3787.20 0.7918137
 3788.60 0.7892235
 3790.00 0.7675307
 3791.40 0.7561987
 3792.80 0.7416289
 3794.20 0.7212311
 3795.60 0.6982432
 3797.00 0.6807594
 3798.40 0.6836734
 3799.80 0.6966243
 3801.20 0.7163745
 3802.60 0.7383911
 3804.00 0.7497232
 3805.40 0.7642930
 3806.80 0.7662356
 3808.20 0.7642930
 3809.60 0.7646168
 3811.00 0.7714160
 3812.40 0.7950515
 3813.80 0.8008794
 3815.20 0.7976417
 3816.60 0.7966703
 3818.00 0.7947277
 3819.40 0.7937564
 3820.80 0.7934326
 3822.20 0.7740062
 3823.60 0.7636454
 3825.00 0.7710922
 3826.40 0.7756250
 3827.80 0.7694734
 3829.20 0.7629979
 3830.60 0.7532847
 3832.00 0.7183172
 3833.40 0.6733127
 3834.80 0.6419067
 3836.20 0.6331648
 3837.60 0.6587429
 3839.00 0.6959768
 3840.40 0.7231738
 3841.80 0.7458379
 3843.20 0.7600839
 3844.60 0.7629979
 3846.00 0.7594364
 3847.40 0.7484281
 3848.80 0.7358010
 3850.20 0.7293255
 3851.60 0.7286779
 3853.00 0.7306206
 3854.40 0.7254402
 3855.80 0.7231738
 3857.20 0.7254402
 3858.60 0.7186410
 3860.00 0.7186410
 3861.40 0.7264115
 3862.80 0.7306206
 3864.20 0.7315919
 3865.60 0.7280304
 3867.00 0.7244688
 3868.40 0.7244688
 3869.80 0.7358010
 3871.20 0.7471330
 3872.60 0.7403338
 3874.00 0.7299730
 3875.40 0.7209074
 3876.80 0.7189647
 3878.20 0.7111942
 3879.60 0.6992145
 3881.00 0.6927391
 3882.40 0.6755791
 3883.80 0.6571240
 3885.20 0.6386689
 3886.60 0.6189187
 3888.00 0.6033776
 3889.40 0.5939882
 3890.80 0.5991685
 3892.20 0.6247466
 3893.60 0.6632757
 3895.00 0.6836734
 3896.40 0.6940341
 3897.80 0.6959768
 3899.20 0.7011572
 3900.60 0.7098991
 3902.00 0.7066613
 3903.40 0.7069851
 3904.80 0.7105466
 3906.20 0.7060138
 3907.60 0.7063375
 3909.00 0.7018047
 3910.40 0.6982432
 3911.80 0.6969481
 3913.20 0.6901489
 3914.60 0.6817308
 3916.00 0.6852923
 3917.40 0.6878825
 3918.80 0.6788168
 3920.20 0.6593904
 3921.60 0.6522674
 3923.00 0.6564765
 3924.40 0.6525912
 3925.80 0.6480583
 3927.20 0.6470870
 3928.60 0.6535625
 3930.00 0.6532387
 3931.40 0.6435255
 3932.80 0.6315459
 3934.20 0.6237754
 3935.60 0.6328410
 3937.00 0.6529149
 3938.40 0.6681323
 3939.80 0.6759028
 3941.20 0.6736364
 3942.60 0.6678085
 3944.00 0.6681323
 3945.40 0.6655421
 3946.80 0.6593904
 3948.20 0.6674848
 3949.60 0.6684560
 3951.00 0.6564765
 3952.40 0.6464395
 3953.80 0.6406116
 3955.20 0.6409353
 3956.60 0.6412591
 3958.00 0.6467633
 3959.40 0.6500010
 3960.80 0.6380214
 3962.20 0.6195663
 3963.60 0.6114719
 3965.00 0.6033776
 3966.40 0.5703527
 3967.80 0.5279384
 3969.20 0.4994464
 3970.60 0.4994464
 3972.00 0.5243769
 3973.40 0.5515739
 3974.80 0.5855701
 3976.20 0.6137384
 3977.60 0.6195663
 3979.00 0.6218327
 3980.40 0.6208614
 3981.80 0.6215089
 3983.20 0.6283082
 3984.60 0.6292795
 3986.00 0.6266893
 3987.40 0.6215089
 3988.80 0.6192425
 3990.20 0.6189187
 3991.60 0.6114719
 3993.00 0.6117957
 3994.40 0.6202138
 3995.80 0.6234516
 3997.20 0.6172999
 3998.60 0.6066153
 4000.00 0.6030539
 4001.40 0.6066153
 4002.80 0.6056441
 4004.20 0.6079105
 4005.60 0.6105007
 4007.00 0.6130908
 4008.40 0.6140621
 4009.80 0.6079105
 4011.20 0.6075867
 4012.60 0.6082342
 4014.00 0.6062916
 4015.40 0.6143859
 4016.80 0.6234516
 4018.20 0.6247466
 4019.60 0.6195663
 4021.00 0.6111482
 4022.40 0.5910742
 4023.80 0.5797422
 4025.20 0.5700290
 4026.60 0.5648486
 4028.00 0.5693814
 4029.40 0.5745618
 4030.80 0.5797422
 4032.20 0.5787708
 4033.60 0.5654961
 4035.00 0.5684101
 4036.40 0.5816848
 4037.80 0.5907505
 4039.20 0.5910742
 4040.60 0.5956071
 4042.00 0.5926931
 4043.40 0.5865414
 4044.80 0.5842750
 4046.20 0.5852463
 4047.60 0.5926931
 4049.00 0.6030539
 4050.40 0.6072629
 4051.80 0.6030539
 4053.20 0.6079105
 4054.60 0.6066153
 4056.00 0.5978735
 4057.40 0.5917218
 4058.80 0.5946357
 4060.20 0.6007874
 4061.60 0.5998161
 4063.00 0.5988448
 4064.40 0.5991685
 4065.80 0.5946357
 4067.20 0.5875128
 4068.60 0.5820086
 4070.00 0.5790946
 4071.40 0.5803897
 4072.80 0.5787708
 4074.20 0.5761806
 4075.60 0.5761806
 4077.00 0.5752093
 4078.40 0.5739142
 4079.80 0.5719716
 4081.20 0.5719716
 4082.60 0.5716478
 4084.00 0.5748856
 4085.40 0.5781233
 4086.80 0.5716478
 4088.20 0.5684101
 4089.60 0.5706765
 4091.00 0.5719716
 4092.40 0.5635535
 4093.80 0.5606395
 4095.20 0.5535165
 4096.60 0.5415369
 4098.00 0.5182252
 4099.40 0.4832577
 4100.80 0.4586509
 4102.20 0.4512041
 4103.60 0.4641551
 4105.00 0.4881143
 4106.40 0.5169301
 4107.80 0.5376516
 4109.20 0.5412131
 4110.60 0.5447746
 4112.00 0.5506025
 4113.40 0.5502788
 4114.80 0.5499550
 4116.20 0.5518977
 4117.60 0.5538403
 4119.00 0.5583731
 4120.40 0.5583731
 4121.80 0.5535165
 4123.20 0.5496312
 4124.60 0.5512501
 4126.00 0.5551354
 4127.40 0.5528690
 4128.80 0.5544879
 4130.20 0.5512501
 4131.60 0.5506025
 4133.00 0.5531927
 4134.40 0.5564305
 4135.80 0.5557829
 4137.20 0.5502788
 4138.60 0.5389467
 4140.00 0.5438033
 4141.40 0.5473648
 4142.80 0.5476886
 4144.20 0.5480123
 4145.60 0.5467173
 4147.00 0.5450984
 4148.40 0.5441271
 4149.80 0.5415369
 4151.20 0.5450984
 4152.60 0.5470411
 4154.00 0.5480123
 4155.40 0.5493075
 4156.80 0.5450984
 4158.20 0.5425082
 4159.60 0.5389467
 4161.00 0.5350614
 4162.40 0.5370041
 4163.80 0.5337664
 4165.20 0.5292335
 4166.60 0.5250244
 4168.00 0.5195203
 4169.40 0.5230818
 4170.80 0.5256720
 4172.20 0.5214630
 4173.60 0.5208154
 4175.00 0.5302048
 4176.40 0.5334426
 4177.80 0.5295573
 4179.20 0.5276146
 4180.60 0.5311762
 4182.00 0.5318237
 4183.40 0.5276146
 4184.80 0.5256720
 4186.20 0.5221105
 4187.60 0.5195203
 4189.00 0.5191965
 4190.40 0.5133686
 4191.80 0.5039792
 4193.20 0.4981513
 4194.60 0.4949135
 4196.00 0.4932947
 4197.40 0.4890856
 4198.80 0.4803437
 4200.20 0.4722494
 4201.60 0.4735445
 4203.00 0.4852003
 4204.40 0.4994464
 4205.80 0.5101309
 4207.20 0.5149875
 4208.60 0.5133686
 4210.00 0.5127211
 4211.40 0.5130449
 4212.80 0.5065694
 4214.20 0.4958848
 4215.60 0.4978275
 4217.00 0.5036554
 4218.40 0.5088358
 4219.80 0.5101309
 4221.20 0.5133686
 4222.60 0.5166063
 4224.00 0.5185490
 4225.40 0.5104547
 4226.80 0.5055981
 4228.20 0.5046267
 4229.60 0.5078645
 4231.00 0.5136924
 4232.40 0.5101309
 4233.80 0.5026841
 4235.20 0.4978275
 4236.60 0.5020365
 4238.00 0.5004177
 4239.40 0.4978275
 4240.80 0.4981513
 4242.20 0.5017128
 4243.60 0.5052743
 4245.00 0.5013890
 4246.40 0.5033317
 4247.80 0.5033317
 4249.20 0.5033317
 4250.60 0.5049505
 4252.00 0.5033317
 4253.40 0.5010652
 4254.80 0.5062456
 4256.20 0.5052743
 4257.60 0.5004177
 4259.00 0.4987988
 4260.40 0.4945898
 4261.80 0.4887618
 4263.20 0.4839052
 4264.60 0.4809913
 4266.00 0.4784011
 4267.40 0.4809913
 4268.80 0.4813150
 4270.20 0.4829339
 4271.60 0.4852003
 4273.00 0.4861717
 4274.40 0.4845528
 4275.80 0.4832577
 4277.20 0.4813150
 4278.60 0.4790486
 4280.00 0.4793724
 4281.40 0.4842290
 4282.80 0.4881143
 4284.20 0.4916758
 4285.60 0.4910283
 4287.00 0.4884381
 4288.40 0.4864954
 4289.80 0.4845528
 4291.20 0.4780773
 4292.60 0.4761347
 4294.00 0.4793724
 4295.40 0.4796962
 4296.80 0.4793724
 4298.20 0.4767822
 4299.60 0.4735445
 4301.00 0.4716018
 4302.40 0.4735445
 4303.80 0.4771060
 4305.20 0.4774298
 4306.60 0.4784011
 4308.00 0.4819626
 4309.40 0.4855241
 4310.80 0.4864954
 4312.20 0.4803437
 4313.60 0.4732207
 4315.00 0.4680403
 4316.40 0.4638313
 4317.80 0.4641551
 4319.20 0.4660977
 4320.60 0.4722494
 4322.00 0.4793724
 4323.40 0.4806675
 4324.80 0.4784011
 4326.20 0.4725732
 4327.60 0.4667453
 4329.00 0.4677166
 4330.40 0.4651264
 4331.80 0.4605936
 4333.20 0.4554132
 4334.60 0.4447287
 4336.00 0.4275687
 4337.40 0.4010192
 4338.80 0.3780313
 4340.20 0.3699370
 4341.60 0.3757649
 4343.00 0.3880683
 4344.40 0.4058758
 4345.80 0.4214170
 4347.20 0.4304826
 4348.60 0.4411672
 4350.00 0.4489377
 4351.40 0.4580034
 4352.80 0.4605936
 4354.20 0.4651264
 4355.60 0.4660977
 4357.00 0.4651264
 4358.40 0.4615649
 4359.80 0.4625362
 4361.20 0.4586509
 4362.60 0.4583271
 4364.00 0.4589747
 4365.40 0.4589747
 4366.80 0.4589747
 4368.20 0.4570320
 4369.60 0.4499090
 4371.00 0.4401958
 4372.40 0.4418147
 4373.80 0.4515279
 4375.20 0.4570320
 4376.60 0.4537943
 4378.00 0.4479664
 4379.40 0.4434336
 4380.80 0.4434336
 4382.20 0.4434336
 4383.60 0.4401958
 4385.00 0.4405196
 4386.40 0.4424623
 4387.80 0.4444049
 4389.20 0.4424623
 4390.60 0.4447287
 4392.00 0.4460237
 4393.40 0.4434336
 4394.80 0.4431098
 4396.20 0.4440811
 4397.60 0.4437573
 4399.00 0.4434336
 4400.40 0.4414909
 4401.80 0.4421385
 4403.20 0.4405196
 4404.60 0.4376056
 4406.00 0.4389007
 4407.40 0.4366343
 4408.80 0.4376056
 4410.20 0.4405196
 4411.60 0.4350155
 4413.00 0.4269211
 4414.40 0.4214170
 4415.80 0.4185030
 4417.20 0.4155891
 4418.60 0.4133226
 4420.00 0.4149415
 4421.40 0.4172079
 4422.80 0.4149415
 4424.20 0.4097611
 4425.60 0.4091136
 4427.00 0.4126751
 4428.40 0.4107325
 4429.80 0.4006955
 4431.20 0.3926012
 4432.60 0.3929249
 4434.00 0.3971340
 4435.40 0.4010192
 4436.80 0.4045808
 4438.20 0.4045808
 4439.60 0.4049045
 4441.00 0.4084660
 4442.40 0.4120275
 4443.80 0.4178555
 4445.20 0.4227121
 4446.60 0.4262736
 4448.00 0.4314539
 4449.40 0.4311302
 4450.80 0.4295113
 4452.20 0.4301589
 4453.60 0.4340441
 4455.00 0.4353392
 4456.40 0.4308064
 4457.80 0.4230358
 4459.20 0.4185030
 4460.60 0.4146177
 4462.00 0.4181793
 4463.40 0.4240071
 4464.80 0.4288638
 4466.20 0.4243309
 4467.60 0.4201219
 4469.00 0.4159128
 4470.40 0.4084660
 4471.80 0.3994004
 4473.20 0.4013430
 4474.60 0.4110562
 4476.00 0.4194743
 4477.40 0.4165604
 4478.80 0.4126751
 4480.20 0.4100849
 4481.60 0.4071709
 4483.00 0.4052283
 4484.40 0.4045808
 4485.80 0.4107325
 4487.20 0.4155891
 4488.60 0.4136464
 4490.00 0.4081423
 4491.40 0.4110562
 4492.80 0.4107325
 4494.20 0.4120275
 4495.60 0.4168842
 4497.00 0.4204456
 4498.40 0.4175317
 4499.80 0.4104087
 4501.20 0.4052283
 4502.60 0.4003717
 4504.00 0.4039332
 4505.40 0.4065234
 4506.80 0.4074947
 4508.20 0.4087898
 4509.60 0.4107325
 4511.00 0.4104087
 4512.40 0.4068472
 4513.80 0.4023143
 4515.20 0.4042570
 4516.60 0.4061996
 4518.00 0.4074947
 4519.40 0.4078185
 4520.80 0.4042570
 4522.20 0.4016668
 4523.60 0.4049045
 4525.00 0.4042570
 4526.40 0.3981053
 4527.80 0.3990766
 4529.20 0.4039332
 4530.60 0.4068472
 4532.00 0.4036094
 4533.40 0.3990766
 4534.80 0.3997241
 4536.20 0.3964864
 4537.60 0.3874208
 4539.00 0.3783551
 4540.40 0.3712321
 4541.80 0.3705846
 4543.20 0.3738223
 4544.60 0.3806215
 4546.00 0.3896872
 4547.40 0.3942200
 4548.80 0.3948676
 4550.20 0.3948676
 4551.60 0.3981053
 4553.00 0.4013430
 4554.40 0.4029619
 4555.80 0.4023143
 4557.20 0.4019906
 4558.60 0.4036094
 4560.00 0.4029619
 4561.40 0.4016668
 4562.80 0.4023143
 4564.20 0.4026381
 4565.60 0.3981053
 4567.00 0.3919536
 4568.40 0.3874208
 4569.80 0.3838593
 4571.20 0.3832117
 4572.60 0.3870970
 4574.00 0.3896872
 4575.40 0.3903347
 4576.80 0.3922774
 4578.20 0.3964864
 4579.60 0.3958389
 4581.00 0.3955151
 4582.40 0.3958389
 4583.80 0.3971340
 4585.20 0.3932487
 4586.60 0.3935725
 4588.00 0.3935725
 4589.40 0.3903347
 4590.80 0.3864494
 4592.20 0.3825642
 4593.60 0.3867732
 4595.00 0.3900110
 4596.40 0.3858019
 4597.80 0.3799740
 4599.20 0.3809453
 4600.60 0.3806215
 4602.00 0.3783551
 4603.40 0.3751174
 4604.80 0.3722034
 4606.20 0.3835355
 4607.60 0.3900110
 4609.00 0.3900110
 4610.40 0.3864494
 4611.80 0.3796502
 4613.20 0.3786789
 4614.60 0.3790027
 4616.00 0.3825642
 4617.40 0.3867732
 4618.80 0.3883921
 4620.20 0.3832117
 4621.60 0.3780313
 4623.00 0.3738223
 4624.40 0.3722034
 4625.80 0.3718796
 4627.20 0.3699370
 4628.60 0.3679944
 4630.00 0.3683181
 4631.40 0.3699370
 4632.80 0.3731747
 4634.20 0.3780313
 4635.60 0.3770600
 4637.00 0.3757649
 4638.40 0.3790027
 4639.80 0.3822404
 4641.20 0.3819166
 4642.60 0.3770600
 4644.00 0.3770600
 4645.40 0.3809453
 4646.80 0.3819166
 4648.20 0.3819166
 4649.60 0.3819166
 4651.00 0.3796502
 4652.40 0.3770600
 4653.80 0.3760887
 4655.20 0.3773838
 4656.60 0.3786789
 4658.00 0.3799740
 4659.40 0.3796502
 4660.80 0.3764125
 4662.20 0.3786789
 4663.60 0.3861257
 4665.00 0.3851544
 4666.40 0.3751174
 4667.80 0.3709083
 4669.20 0.3715559
 4670.60 0.3728509
 4672.00 0.3709083
 4673.40 0.3705846
 4674.80 0.3709083
 4676.20 0.3709083
 4677.60 0.3686419
 4679.00 0.3676706
 4680.40 0.3595763
 4681.80 0.3506077
 4683.20 0.3401822
 4684.60 0.3287854
 4686.00 0.3248030
 4687.40 0.3302748
 4688.80 0.3408622
 4690.20 0.3476614
 4691.60 0.3560147
 4693.00 0.3657280
 4694.40 0.3686419
 4695.80 0.3751174
 4697.20 0.3679944
 4698.60 0.3618427
 4700.00 0.3592525
 4701.40 0.3592525
 4702.80 0.3683181
 4704.20 0.3683181
 4705.60 0.3647566
 4707.00 0.3641091
 4708.40 0.3608713
 4709.80 0.3538131
 4711.20 0.3543635
 4712.60 0.3538455
 4714.00 0.3541692
 4715.40 0.3535864
 4716.80 0.3530360
 4718.20 0.3535217
 4719.60 0.3510286
 4721.00 0.3476614
 4722.40 0.3486651
 4723.80 0.3521295
 4725.20 0.3488917
 4726.60 0.3489565
 4728.00 0.3494098
 4729.40 0.3488917
 4730.80 0.3513848
 4732.20 0.3523885
 4733.60 0.3517733
 4735.00 0.3524856
 4736.40 0.3505753
 4737.80 0.3495393
 4739.20 0.3529065
 4740.60 0.3579574
 4742.00 0.3560147
 4743.40 0.3531008
 4744.80 0.3551405
 4746.20 0.3543311
 4747.60 0.3482118
 4749.00 0.3422868
 4750.40 0.3393404
 4751.80 0.3375597
 4753.20 0.3383691
 4754.60 0.3425458
 4756.00 0.3466901
 4757.40 0.3463987
 4758.80 0.3406031
 4760.20 0.3358437
 4761.60 0.3352609
 4763.00 0.3365560
 4764.40 0.3393080
 4765.80 0.3403441
 4767.20 0.3403765
 4768.60 0.3386929
 4770.00 0.3407003
 4771.40 0.3471434
 4772.80 0.3429343
 4774.20 0.3398908
 4775.60 0.3443913
 4777.00 0.3467548
 4778.40 0.3437761
 4779.80 0.3400527
 4781.20 0.3407650
 4782.60 0.3442294
 4784.00 0.3443589
 4785.40 0.3423191
 4786.80 0.3399232
 4788.20 0.3410240
 4789.60 0.3361674
 4791.00 0.3339982
 4792.40 0.3400203
 4793.80 0.3393080
 4795.20 0.3367826
 4796.60 0.3375597
 4798.00 0.3367179
 4799.40 0.3325412
 4800.80 0.3262276
 4802.20 0.3264219
 4803.60 0.3257096
 4805.00 0.3293682
 4806.40 0.3326059
 4807.80 0.3328973
 4809.20 0.3351314
 4810.60 0.3287206
 4812.00 0.3301129
 4813.40 0.3322822
 4814.80 0.3311813
 4816.20 0.3287854
 4817.60 0.3280083
 4819.00 0.3253858
 4820.40 0.3224071
 4821.80 0.3231194
 4823.20 0.3258714
 4824.60 0.3281379
 4826.00 0.3305662
 4827.40 0.3342248
 4828.80 0.3334154
 4830.20 0.3297891
 4831.60 0.3263571
 4833.00 0.3253858
 4834.40 0.3243821
 4835.80 0.3246087
 4837.20 0.3274903
 4838.60 0.3314403
 4840.00 0.3304043
 4841.40 0.3236698
 4842.80 0.3238317
 4844.20 0.3255477
 4845.60 0.3242526
 4847.00 0.3216300
 4848.40 0.3170972
 4849.80 0.3140537
 4851.20 0.3136004
 4852.60 0.3126615
 4854.00 0.3100713
 4855.40 0.3017180
 4856.80 0.2889289
 4858.20 0.2781472
 4859.60 0.2667504
 4861.00 0.2583971
 4862.40 0.2563573
 4863.80 0.2614729
 4865.20 0.2690492
 4866.60 0.2763017
 4868.00 0.2868568
 4869.40 0.2985126
 4870.80 0.3040167
 4872.20 0.3051823
 4873.60 0.3031749
 4875.00 0.3033368
 4876.40 0.3081610
 4877.80 0.3102979
 4879.20 0.3115607
 4880.60 0.3126291
 4882.00 0.3123377
 4883.40 0.3116254
 4884.80 0.3079992
 4886.20 0.3075459
 4887.60 0.3097799
 4889.00 0.3074164
 4890.40 0.3066717
 4891.80 0.3078373
 4893.20 0.3095533
 4894.60 0.3073840
 4896.00 0.3071250
 4897.40 0.3068983
 4898.80 0.3072545
 4900.20 0.3083229
 4901.60 0.3064774
 4903.00 0.3054737
 4904.40 0.3044376
 4905.80 0.3053442
 4907.20 0.3066717
 4908.60 0.3062832
 4910.00 0.3110102
 4911.40 0.3091000
 4912.80 0.3074487
 4914.20 0.3072868
 4915.60 0.3062184
 4917.00 0.3032397
 4918.40 0.3028835
 4919.80 0.3019770
 4921.20 0.3031102
 4922.60 0.3067688
 4924.00 0.3108807
 4925.40 0.3131148
 4926.80 0.3104922
 4928.20 0.3076430
 4929.60 0.3108807
 4931.00 0.3177771
 4932.40 0.3179390
 4933.80 0.3183275
 4935.20 0.3134709
 4936.60 0.3109779
 4938.00 0.3048262
 4939.40 0.3012323
 4940.80 0.3058299
 4942.20 0.3121111
 4943.60 0.3120463
 4945.00 0.3008761
 4946.40 0.3019770
 4947.80 0.3013294
 4949.20 0.3018151
 4950.60 0.3032073
 4952.00 0.3029483
 4953.40 0.2999048
 4954.80 0.3003581
 4956.20 0.3070602
 4957.60 0.3082258
 4959.00 0.3122082
 4960.40 0.3133738
 4961.80 0.3113340
 4963.20 0.3087115
 4964.60 0.3037577
 4966.00 0.2991925
 4967.40 0.2988040
 4968.80 0.2986097
 4970.20 0.2994515
 4971.60 0.2986097
 4973.00 0.2999696
 4974.40 0.2977679
 4975.80 0.2957929
 4977.20 0.2912601
 4978.60 0.2870186
 4980.00 0.2832305
 4981.40 0.2820002
 4982.80 0.2879900
 4984.20 0.2944331
 4985.60 0.2979622
 4987.00 0.3007142
 4988.40 0.2987392
 4989.80 0.2958253
 4991.20 0.2954367
 4992.60 0.2960843
 4994.00 0.2953720
 4995.40 0.2893174
 4996.80 0.2860473
 4998.20 0.2897707
 4999.60 0.2929113
 5001.00 0.2912601
 5002.40 0.2878281
 5003.80 0.2858854
 5005.20 0.2857883
 5006.60 0.2899650
 5008.00 0.2918105
 5009.40 0.2883785
 5010.80 0.2830362
 5012.20 0.2821296
 5013.60 0.2830038
 5015.00 0.2815793
 5016.40 0.2826801
 5017.80 0.2844285
 5019.20 0.2866301
 5020.60 0.2874072
 5022.00 0.2855617
 5023.40 0.2875043
 5024.80 0.2896088
 5026.20 0.2860797
 5027.60 0.2842342
 5029.00 0.2809317
 5030.40 0.2809641
 5031.80 0.2786329
 5033.20 0.2818706
 5034.60 0.2834571
 5036.00 0.2822268
 5037.40 0.2790862
 5038.80 0.2777911
 5040.20 0.2852379
 5041.60 0.2886051
 5043.00 0.2886699
 5044.40 0.2826477
 5045.80 0.2779206
 5047.20 0.2780177
 5048.60 0.2743591
 5050.00 0.2722546
 5051.40 0.2742296
 5052.80 0.2784710
 5054.20 0.2817735
 5055.60 0.2830686
 5057.00 0.2836514
 5058.40 0.2816116
 5059.80 0.2829715
 5061.20 0.2848170
 5062.60 0.2820649
 5064.00 0.2793776
 5065.40 0.2765608
 5066.80 0.2754923
 5068.20 0.2774997
 5069.60 0.2794423
 5071.00 0.2786977
 5072.40 0.2788919
 5073.80 0.2814497
 5075.20 0.2850436
 5076.60 0.2844608
 5078.00 0.2792481
 5079.40 0.2758161
 5080.80 0.2776940
 5082.20 0.2790862
 5083.60 0.2768845
 5085.00 0.2767550
 5086.40 0.2799604
 5087.80 0.2815145
 5089.20 0.2782444
 5090.60 0.2764960
 5092.00 0.2764636
 5093.40 0.2736144
 5094.80 0.2718984
 5096.20 0.2704738
 5097.60 0.2734202
 5099.00 0.2813202
 5100.40 0.2801870
 5101.80 0.2768845
 5103.20 0.2744562
 5104.60 0.2728697
 5106.00 0.2708300
 5107.40 0.2693406
 5108.80 0.2679484
 5110.20 0.2684017
 5111.60 0.2690816
 5113.00 0.2679160
 5114.40 0.2656496
 5115.80 0.2675599
 5117.20 0.2668476
 5118.60 0.2657143
 5120.00 0.2660057
 5121.40 0.2685959
 5122.80 0.2680131
 5124.20 0.2669123
 5125.60 0.2670094
 5127.00 0.2688873
 5128.40 0.2660705
 5129.80 0.2647754
 5131.20 0.2651316
 5132.60 0.2678189
 5134.00 0.2700205
 5135.40 0.2691140
 5136.80 0.2645164
 5138.20 0.2635774
 5139.60 0.2643545
 5141.00 0.2658115
 5142.40 0.2642574
 5143.80 0.2610196
 5145.20 0.2645164
 5146.60 0.2666857
 5148.00 0.2638041
 5149.40 0.2638688
 5150.80 0.2633184
 5152.20 0.2597569
 5153.60 0.2596598
 5155.00 0.2632537
 5156.40 0.2655848
 5157.80 0.2677541
 5159.20 0.2673008
 5160.60 0.2681426
 5162.00 0.2676246
 5163.40 0.2654553
 5164.80 0.2661352
 5166.20 0.2620881
 5167.60 0.2565516
 5169.00 0.2569401
 5170.40 0.2599836
 5171.80 0.2611168
 5173.20 0.2590770
 5174.60 0.2591741
 5176.00 0.2623471
 5177.40 0.2613434
 5178.80 0.2569725
 5180.20 0.2561630
 5181.60 0.2573286
 5183.00 0.2575553
 5184.40 0.2560011
 5185.80 0.2527958
 5187.20 0.2525368
 5188.60 0.2534433
 5190.00 0.2559040
 5191.40 0.2552565
 5192.80 0.2536700
 5194.20 0.2565516
 5195.60 0.2568106
 5197.00 0.2566811
 5198.40 0.2548032
 5199.80 0.2536700
 5201.20 0.2534433
 5202.60 0.2517273
 5204.00 0.2520187
 5205.40 0.2539290
 5206.80 0.2484896
 5208.20 0.2450576
 5209.60 0.2486839
 5211.00 0.2509503
 5212.40 0.2507236
 5213.80 0.2517597
 5215.20 0.2537347
 5216.60 0.2509827
 5218.00 0.2492019
 5219.40 0.2475507
 5220.80 0.2465470
 5222.20 0.2481335
 5223.60 0.2481982
 5225.00 0.2467089
 5226.40 0.2512093
 5227.80 0.2475507
 5229.20 0.2443129
 5230.60 0.2445072
 5232.00 0.2433092
 5233.40 0.2420789
 5234.80 0.2406867
 5236.20 0.2417227
 5237.60 0.2439244
 5239.00 0.2411400
 5240.40 0.2435682
 5241.80 0.2440539
 5243.20 0.2435359
 5244.60 0.2450900
 5246.00 0.2467736
 5247.40 0.2432768
 5248.80 0.2397477
 5250.20 0.2393916
 5251.60 0.2413666
 5253.00 0.2450900
 5254.40 0.2466441
 5255.80 0.2471621
 5257.20 0.2493638
 5258.60 0.2515978
 5260.00 0.2505294
 5261.40 0.2467736
 5262.80 0.2444101
 5264.20 0.2445396
 5265.60 0.2452842
 5267.00 0.2455756
 5268.40 0.2447014
 5269.80 0.2421436
 5271.20 0.2401362
 5272.60 0.2410752
 5274.00 0.2432768
 5275.40 0.2427912
 5276.80 0.2416256
 5278.20 0.2404924
 5279.60 0.2374166
 5281.00 0.2368985
 5282.40 0.2382907
 5283.80 0.2398772
 5285.20 0.2386145
 5286.60 0.2371252
 5288.00 0.2383231
 5289.40 0.2389059
 5290.80 0.2389383
 5292.20 0.2385174
 5293.60 0.2367690
 5295.00 0.2332723
 5296.40 0.2291927
 5297.80 0.2299698
 5299.20 0.2317829
 5300.60 0.2336608
 5302.00 0.2354415
 5303.40 0.2365100
 5304.80 0.2356358
 5306.20 0.2344055
 5307.60 0.2334018
 5309.00 0.2313620
 5310.40 0.2301640
 5311.80 0.2359272
 5313.20 0.2383879
 5314.60 0.2370280
 5316.00 0.2359919
 5317.40 0.2341464
 5318.80 0.2322362
 5320.20 0.2306173
 5321.60 0.2313296
 5323.00 0.2295489
 5324.40 0.2299698
 5325.80 0.2329809
 5327.20 0.2331751
 5328.60 0.2312001
 5330.00 0.2269263
 5331.40 0.2266025
 5332.80 0.2282538
 5334.20 0.2296784
 5335.60 0.2301640
 5337.00 0.2293546
 5338.40 0.2265701
 5339.80 0.2253398
 5341.20 0.2253722
 5342.60 0.2254046
 5344.00 0.2263435
 5345.40 0.2255341
 5346.80 0.2260845
 5348.20 0.2276062
 5349.60 0.2288042
 5351.00 0.2299050
 5352.40 0.2328190
 5353.80 0.2343731
 5355.20 0.2324304
 5356.60 0.2310706
 5358.00 0.2302612
 5359.40 0.2272501
 5360.80 0.2231058
 5362.20 0.2224582
 5363.60 0.2224906
 5365.00 0.2251132
 5366.40 0.2276386
 5367.80 0.2251132
 5369.20 0.2235267
 5370.60 0.2226525
 5372.00 0.2228467
 5373.40 0.2270234
 5374.80 0.2259226
 5376.20 0.2230086
 5377.60 0.2239800
 5379.00 0.2227820
 5380.40 0.2214869
 5381.80 0.2193824
 5383.20 0.2155295
 5384.60 0.2178283
 5386.00 0.2201918
 5387.40 0.2220697
 5388.80 0.2240771
 5390.20 0.2267644
 5391.60 0.2271206
 5393.00 0.2267320
 5394.40 0.2253074
 5395.80 0.2245627
 5397.20 0.2242713
 5398.60 0.2237533
 5400.00 0.2227820
 5401.40 0.2195766
 5402.80 0.2184111
 5404.20 0.2175369
 5405.60 0.2140077
 5407.00 0.2087950
 5408.40 0.2034203
 5409.80 0.2009273
 5411.20 0.1997617
 5412.60 0.1982400
 5414.00 0.2009273
 5415.40 0.2046183
 5416.80 0.2076294
 5418.20 0.2114176
 5419.60 0.2139430
 5421.00 0.2147200
 5422.40 0.2171160
 5423.80 0.2178930
 5425.20 0.2186053
 5426.60 0.2150114
 5428.00 0.2134897
 5429.40 0.2149467
 5430.80 0.2125184
 5432.20 0.2144934
 5433.60 0.2159828
 5435.00 0.2145581
 5436.40 0.2156914
 5437.80 0.2185082
 5439.20 0.2177311
 5440.60 0.2152381
 5442.00 0.2120327
 5443.40 0.2117413
 5444.80 0.2135221
 5446.20 0.2119356
 5447.60 0.2114176
 5449.00 0.2121946
 5450.40 0.2117737
 5451.80 0.2109966
 5453.20 0.2097015
 5454.60 0.2055572
 5456.00 0.2027080
 5457.40 0.2037765
 5458.80 0.2083417
 5460.20 0.2123565
 5461.60 0.2114499
 5463.00 0.2086007
 5464.40 0.2085360
 5465.80 0.2093130
 5467.20 0.2097663
 5468.60 0.2087950
 5470.00 0.2139106
 5471.40 0.2170512
 5472.80 0.2162418
 5474.20 0.2144934
 5475.60 0.2093454
 5477.00 0.2072409
 5478.40 0.2089245
 5479.80 0.2095397
 5481.20 0.2068200
 5482.60 0.2057515
 5484.00 0.2052335
 5485.40 0.2046831
 5486.80 0.2052658
 5488.20 0.2047154
 5489.60 0.2033556
 5491.00 0.2047478
 5492.40 0.2077589
 5493.80 0.2128745
 5495.20 0.2130040
 5496.60 0.2114176
 5498.00 0.2107700
 5499.40 0.2125508
 5500.80 0.2122594
 5502.20 0.2106405
 5503.60 0.2103491
 5505.00 0.2076618
 5506.40 0.2057191
 5507.80 0.2026757
 5509.20 0.2061724
 5510.60 0.2067552
 5512.00 0.2074351
 5513.40 0.2082122
 5514.80 0.2068847
 5516.20 0.2054925
 5517.60 0.2060429
 5519.00 0.2073704
 5520.40 0.2052011
 5521.80 0.2022548
 5523.20 0.2022871
 5524.60 0.2017367
 5526.00 0.2018015
 5527.40 0.2030318
 5528.80 0.2019957
 5530.20 0.1998588
 5531.60 0.1984019
 5533.00 0.1991465
 5534.40 0.2007978
 5535.80 0.2008625
 5537.20 0.2003769
 5538.60 0.1998912
 5540.00 0.1992437
 5541.40 0.1992113
 5542.80 0.2000531
 5544.20 0.2023195
 5545.60 0.2028699
 5547.00 0.1995027
 5548.40 0.1991142
 5549.80 0.1988551
 5551.20 0.1981105
 5552.60 0.1973982
 5554.00 0.1979810
 5555.40 0.1986932
 5556.80 0.2001826
 5558.20 0.2005711
 5559.60 0.1999883
 5561.00 0.1987580
 5562.40 0.1968801
 5563.80 0.1976248
 5565.20 0.1981428
 5566.60 0.1979162
 5568.00 0.1986932
 5569.40 0.1977867
 5570.80 0.1967506
 5572.20 0.1961354
 5573.60 0.1956822
 5575.00 0.1952289
 5576.40 0.1954231
 5577.80 0.1952936
 5579.20 0.1962973
 5580.60 0.1949699
 5582.00 0.1945813
 5583.40 0.1952613
 5584.80 0.1956498
 5586.20 0.1963621
 5587.60 0.1969125
 5589.00 0.1968154
 5590.40 0.1975277
 5591.80 0.1956174
 5593.20 0.1934481
 5594.60 0.1929625
 5596.00 0.1933834
 5597.40 0.1963945
 5598.80 0.1970420
 5600.20 0.1944518
 5601.60 0.1920559
 5603.00 0.1906313
 5604.40 0.1927358
 5605.80 0.1936100
 5607.20 0.1937395
 5608.60 0.1947432
 5610.00 0.1926387
 5611.40 0.1906313
 5612.80 0.1924768
 5614.20 0.1936748
 5615.60 0.1939338
 5617.00 0.1934805
 5618.40 0.1922502
 5619.80 0.1927358
 5621.20 0.1941604
 5622.60 0.1936100
 5624.00 0.1927682
 5625.40 0.1919264
 5626.80 0.1916026
 5628.20 0.1924121
 5629.60 0.1929948
 5631.00 0.1936424
 5632.40 0.1934481
 5633.80 0.1928330
 5635.20 0.1901456
 5636.60 0.1885268
 5638.00 0.1907284
 5639.40 0.1911817
 5640.80 0.1893038
 5642.20 0.1886563
 5643.60 0.1904370
 5645.00 0.1913760
 5646.40 0.1908256
 5647.80 0.1869727
 5649.20 0.1869727
 5650.60 0.1874583
 5652.00 0.1875554
 5653.40 0.1893686
 5654.80 0.1895305
 5656.20 0.1881382
 5657.60 0.1872317
 5659.00 0.1870050
 5660.40 0.1880411
 5661.80 0.1899838
 5663.20 0.1903723
 5664.60 0.1909875
 5666.00 0.1890772
 5667.40 0.1888505
 5668.80 0.1883649
 5670.20 0.1864870
 5671.60 0.1868755
 5673.00 0.1850624
 5674.40 0.1844149
 5675.80 0.1852243
 5677.20 0.1823427
 5678.60 0.1835407
 5680.00 0.1860985
 5681.40 0.1877497
 5682.80 0.1869403
 5684.20 0.1868432
 5685.60 0.1857747
 5687.00 0.1845767
 5688.40 0.1828931
 5689.80 0.1826988
 5691.20 0.1864222
 5692.60 0.1908903
 5694.00 0.1921854
 5695.40 0.1879763
 5696.80 0.1863251
 5698.20 0.1863251
 5699.60 0.1849653
 5701.00 0.1842530
 5702.40 0.1810152
 5703.80 0.1762234
 5705.20 0.1767090
 5706.60 0.1803677
 5708.00 0.1826988
 5709.40 0.1827636
 5710.80 0.1833140
 5712.20 0.1855481
 5713.60 0.1867460
 5715.00 0.1857423
 5716.40 0.1834111
 5717.80 0.1806915
 5719.20 0.1800115
 5720.60 0.1812742
 5722.00 0.1796877
 5723.40 0.1772595
 5724.80 0.1780365
 5726.20 0.1788783
 5727.60 0.1792021
 5729.00 0.1794935
 5730.40 0.1781660
 5731.80 0.1779394
 5733.20 0.1774537
 5734.60 0.1780041
 5736.00 0.1764824
 5737.40 0.1759967
 5738.80 0.1773242
 5740.20 0.1804324
 5741.60 0.1821484
 5743.00 0.1815009
 5744.40 0.1794611
 5745.80 0.1791697
 5747.20 0.1790402
 5748.60 0.1771947
 5750.00 0.1790402
 5751.40 0.1803029
 5752.80 0.1806267
 5754.20 0.1793316
 5755.60 0.1783279
 5757.00 0.1789431
 5758.40 0.1801087
 5759.80 0.1799144
 5761.20 0.1808210
 5762.60 0.1815980
 5764.00 0.1821484
 5765.40 0.1770004
 5766.80 0.1744102
 5768.20 0.1751549
 5769.60 0.1746693
 5771.00 0.1747340
 5772.40 0.1736332
 5773.80 0.1748312
 5775.20 0.1741188
 5776.60 0.1724029
 5778.00 0.1711078
 5779.40 0.1627220
 5780.80 0.1589339
 5782.20 0.1623335
 5783.60 0.1679348
 5785.00 0.1725647
 5786.40 0.1747988
 5787.80 0.1748959
 5789.20 0.1742807
 5790.60 0.1731799
 5792.00 0.1709783
 5793.40 0.1693270
 5794.80 0.1672872
 5796.20 0.1647942
 5797.60 0.1629487
 5799.00 0.1621392
 5800.40 0.1624630
 5801.80 0.1630134
 5803.20 0.1645999
 5804.60 0.1679024
 5806.00 0.1694241
 5807.40 0.1684528
 5808.80 0.1659598
 5810.20 0.1643085
 5811.60 0.1658303
 5813.00 0.1664130
 5814.40 0.1656684
 5815.80 0.1660569
 5817.20 0.1677081
 5818.60 0.1698774
 5820.00 0.1709783
 5821.40 0.1706869
 5822.80 0.1714315
 5824.20 0.1717553
 5825.60 0.1718201
 5827.00 0.1710106
 5828.40 0.1721762
 5829.80 0.1727266
 5831.20 0.1705897
 5832.60 0.1687442
 5834.00 0.1694889
 5835.40 0.1692299
 5836.80 0.1690356
 5838.20 0.1705250
 5839.60 0.1712049
 5841.00 0.1691004
 5842.40 0.1691327
 5843.80 0.1711401
 5845.20 0.1720791
 5846.60 0.1715610
 5848.00 0.1718524
 5849.40 0.1701041
 5850.80 0.1686147
 5852.20 0.1657979
 5853.60 0.1643409
 5855.00 0.1640495
 5856.40 0.1627220
 5857.80 0.1628515
 5859.20 0.1643409
 5860.60 0.1660893
 5862.00 0.1687442
 5863.40 0.1686147
 5864.80 0.1698774
 5866.20 0.1722733
 5867.60 0.1709135
 5869.00 0.1687766
 5870.40 0.1661540
 5871.80 0.1618802
 5873.20 0.1578978
 5874.60 0.1581568
 5876.00 0.1601318
 5877.40 0.1612974
 5878.80 0.1623335
 5880.20 0.1625601
 5881.60 0.1654417
 5883.00 0.1685499
 5884.40 0.1674815
 5885.80 0.1633372
 5887.20 0.1560199
 5888.60 0.1457239
 5890.00 0.1448821
 5891.40 0.1513900
 5892.80 0.1539801
 5894.20 0.1502891
 5895.60 0.1470190
 5897.00 0.1528793
 5898.40 0.1596786
 5899.80 0.1610708
 5901.20 0.1613946
 5902.60 0.1613946
 5904.00 0.1614917
 5905.40 0.1619450
 5906.80 0.1618155
 5908.20 0.1626897
 5909.60 0.1644704
 5911.00 0.1654417
 5912.40 0.1667044
 5913.80 0.1668016
 5915.20 0.1659921
 5916.60 0.1643733
 5918.00 0.1634667
 5919.40 0.1633048
 5920.80 0.1605204
 5922.20 0.1595490
 5923.60 0.1595814
 5925.00 0.1616860
 5926.40 0.1622364
 5927.80 0.1610708
 5929.20 0.1616212
 5930.60 0.1617183
 5932.00 0.1615888
 5933.40 0.1592577
 5934.80 0.1599052
 5936.20 0.1627544
 5937.60 0.1654094
 5939.00 0.1655065
 5940.40 0.1617507
 5941.80 0.1621716
 5943.20 0.1606499
 5944.60 0.1611032
 5946.00 0.1601966
 5947.40 0.1564732
 5948.80 0.1595490
 5950.20 0.1602614
 5951.60 0.1598081
 5953.00 0.1585454
 5954.40 0.1562142
 5955.80 0.1583511
 5957.20 0.1565056
 5958.60 0.1555990
 5960.00 0.1552752
 5961.40 0.1566998
 5962.80 0.1600671
 5964.20 0.1601318
 5965.60 0.1583511
 5967.00 0.1569589
 5968.40 0.1547248
 5969.80 0.1538183
 5971.20 0.1547896
 5972.60 0.1570236
 5974.00 0.1580273
 5975.40 0.1575740
 5976.80 0.1571208
 5978.20 0.1571531
 5979.60 0.1573798
 5981.00 0.1578007
 5982.40 0.1570236
 5983.80 0.1562789
 5985.20 0.1557285
 5986.60 0.1532355
 5988.00 0.1519404
 5989.40 0.1559228
 5990.80 0.1596462
 5992.20 0.1586425
 5993.60 0.1589986
 5995.00 0.1599052
 5996.40 0.1609089
 5997.80 0.1607794
 5999.20 0.1553076
 6000.60 0.1532355
 6002.00 0.1529441
 6003.40 0.1541744
 6004.80 0.1553400
 6006.20 0.1527498
 6007.60 0.1528469
 6009.00 0.1522965
 6010.40 0.1529764
 6011.80 0.1553076
 6013.20 0.1547572
 6014.60 0.1507424
 6016.00 0.1505482
 6017.40 0.1520375
 6018.80 0.1543363
 6020.20 0.1548867
 6021.60 0.1525879
 6023.00 0.1521670
 6024.40 0.1520699
 6025.80 0.1535916
 6027.20 0.1548867
 6028.60 0.1568941
 6030.00 0.1573150
 6031.40 0.1566351
 6032.80 0.1542392
 6034.20 0.1509691
 6035.60 0.1487674
 6037.00 0.1469543
 6038.40 0.1492207
 6039.80 0.1472780
 6041.20 0.1497711
 6042.60 0.1520699
 6044.00 0.1518756
 6045.40 0.1529764
 6046.80 0.1512604
 6048.20 0.1492531
 6049.60 0.1483141
 6051.00 0.1485731
 6052.40 0.1498358
 6053.80 0.1510014
 6055.20 0.1522965
 6056.60 0.1525555
 6058.00 0.1520375
 6059.40 0.1523289
 6060.80 0.1517137
 6062.20 0.1503215
 6063.60 0.1487998
 6065.00 0.1500301
 6066.40 0.1524584
 6067.80 0.1521023
 6069.20 0.1497711
 6070.60 0.1479580
 6072.00 0.1502891
 6073.40 0.1515842
 6074.80 0.1497711
 6076.20 0.1496416
 6077.60 0.1491235
 6079.00 0.1494797
 6080.40 0.1489940
 6081.80 0.1500949
 6083.20 0.1485084
 6084.60 0.1467276
 6086.00 0.1478285
 6087.40 0.1494473
 6088.80 0.1507748
 6090.20 0.1492531
 6091.60 0.1480551
 6093.00 0.1478932
 6094.40 0.1499977
 6095.80 0.1525879
 6097.20 0.1541097
 6098.60 0.1531060
 6100.00 0.1476018
 6101.40 0.1432309
 6102.80 0.1438137
 6104.20 0.1467600
 6105.60 0.1483141
 6107.00 0.1484112
 6108.40 0.1477961
 6109.80 0.1469543
 6111.20 0.1482170
 6112.60 0.1487026
 6114.00 0.1491559
 6115.40 0.1502244
 6116.80 0.1503539
 6118.20 0.1488969
 6119.60 0.1463715
 6121.00 0.1464362
 6122.40 0.1491883
 6123.80 0.1515195
 6125.20 0.1520699
 6126.60 0.1512604
 6128.00 0.1501272
 6129.40 0.1482494
 6130.80 0.1481198
 6132.20 0.1485731
 6133.60 0.1471162
 6135.00 0.1484760
 6136.40 0.1495768
 6137.80 0.1496416
 6139.20 0.1498682
 6140.60 0.1477961
 6142.00 0.1452706
 6143.40 0.1452383
 6144.80 0.1468248
 6146.20 0.1482494
 6147.60 0.1478608
 6149.00 0.1475694
 6150.40 0.1462096
 6151.80 0.1461448
 6153.20 0.1463067
 6154.60 0.1465334
 6156.00 0.1467924
 6157.40 0.1472780
 6158.80 0.1470514
 6160.20 0.1465981
 6161.60 0.1473104
 6163.00 0.1437489
 6164.40 0.1423567
 6165.80 0.1420329
 6167.20 0.1407054
 6168.60 0.1405112
 6170.00 0.1411911
 6171.40 0.1414825
 6172.80 0.1429071
 6174.20 0.1435870
 6175.60 0.1421300
 6177.00 0.1405759
 6178.40 0.1417091
 6179.80 0.1410940
 6181.20 0.1396046
 6182.60 0.1397989
 6184.00 0.1405436
 6185.40 0.1408673
 6186.80 0.1406083
 6188.20 0.1416120
 6189.60 0.1423891
 6191.00 0.1425509
 6192.40 0.1415473
 6193.80 0.1405759
 6195.20 0.1421948
 6196.60 0.1435546
 6198.00 0.1436194
 6199.40 0.1434899
 6200.80 0.1428100
 6202.20 0.1416768
 6203.60 0.1403169
 6205.00 0.1403169
 6206.40 0.1413854
 6207.80 0.1434899
 6209.20 0.1465981
 6210.60 0.1446878
 6212.00 0.1426157
 6213.40 0.1428747
 6214.80 0.1409968
 6216.20 0.1408026
 6217.60 0.1406407
 6219.00 0.1405759
 6220.40 0.1402522
 6221.80 0.1405112
 6223.20 0.1410940
 6224.60 0.1422272
 6226.00 0.1420653
 6227.40 0.1384066
 6228.80 0.1399284
 6230.20 0.1425186
 6231.60 0.1426157
 6233.00 0.1425186
 6234.40 0.1433604
 6235.80 0.1458211
 6237.20 0.1422596
 6238.60 0.1389571
 6240.00 0.1373382
 6241.40 0.1377915
 6242.80 0.1405759
 6244.20 0.1424214
 6245.60 0.1454001
 6247.00 0.1473428
 6248.40 0.1461772
 6249.80 0.1447850
 6251.20 0.1426805
 6252.60 0.1420653
 6254.00 0.1411263
 6255.40 0.1395399
 6256.80 0.1392808
 6258.20 0.1405112
 6259.60 0.1435223
 6261.00 0.1437489
 6262.40 0.1400903
 6263.80 0.1402522
 6265.20 0.1427452
 6266.60 0.1432632
 6268.00 0.1433928
 6269.40 0.1411911
 6270.80 0.1377591
 6272.20 0.1369497
 6273.60 0.1373706
 6275.00 0.1364964
 6276.40 0.1339062
 6277.80 0.1332910
 6279.20 0.1335177
 6280.60 0.1300209
 6282.00 0.1268156
 6283.40 0.1234159
 6284.80 0.1225417
 6286.20 0.1272041
 6287.60 0.1326759
 6289.00 0.1346833
 6290.40 0.1353632
 6291.80 0.1354927
 6293.20 0.1347156
 6294.60 0.1343919
 6296.00 0.1347480
 6297.40 0.1356546
 6298.80 0.1374029
 6300.20 0.1374677
 6301.60 0.1357517
 6303.00 0.1324492
 6304.40 0.1357841
 6305.80 0.1376296
 6307.20 0.1361079
 6308.60 0.1335500
 6310.00 0.1337767
 6311.40 0.1328054
 6312.80 0.1330968
 6314.20 0.1338091
 6315.60 0.1342300
 6317.00 0.1347480
 6318.40 0.1355898
 6319.80 0.1352337
 6321.20 0.1352013
 6322.60 0.1372087
 6324.00 0.1389247
 6325.40 0.1394751
 6326.80 0.1396694
 6328.20 0.1389571
 6329.60 0.1373382
 6331.00 0.1349099
 6332.40 0.1352660
 6333.80 0.1369173
 6335.20 0.1371763
 6336.60 0.1363993
 6338.00 0.1363021
 6339.40 0.1354279
 6340.80 0.1344566
 6342.20 0.1332263
 6343.60 0.1315750
 6345.00 0.1320283
 6346.40 0.1331615
 6347.80 0.1333882
 6349.20 0.1341005
 6350.60 0.1360755
 6352.00 0.1364964
 6353.40 0.1342624
 6354.80 0.1321578
 6356.20 0.1328054
 6357.60 0.1318664
 6359.00 0.1316074
 6360.40 0.1317045
 6361.80 0.1327082
 6363.20 0.1318988
 6364.60 0.1312836
 6366.00 0.1324492
 6367.40 0.1347156
 6368.80 0.1352013
 6370.20 0.1329673
 6371.60 0.1310246
 6373.00 0.1304742
 6374.40 0.1301181
 6375.80 0.1307656
 6377.20 0.1329673
 6378.60 0.1330968
 6380.00 0.1320283
 6381.40 0.1302799
 6382.80 0.1303447
 6384.20 0.1291791
 6385.60 0.1308627
 6387.00 0.1325787
 6388.40 0.1329349
 6389.80 0.1326759
 6391.20 0.1310570
 6392.60 0.1314455
 6394.00 0.1317693
 6395.40 0.1292762
 6396.80 0.1272688
 6398.20 0.1286934
 6399.60 0.1308627
 6401.00 0.1326435
 6402.40 0.1333234
 6403.80 0.1305066
 6405.20 0.1295676
 6406.60 0.1305713
 6408.00 0.1314455
 6409.40 0.1311865
 6410.80 0.1318017
 6412.20 0.1325463
 6413.60 0.1316398
 6415.00 0.1301181
 6416.40 0.1303123
 6417.80 0.1311541
 6419.20 0.1312189
 6420.60 0.1316398
 6422.00 0.1321254
 6423.40 0.1332586
 6424.80 0.1333558
 6426.20 0.1329996
 6427.60 0.1334853
 6429.00 0.1321254
 6430.40 0.1298914
 6431.80 0.1300533
 6433.20 0.1310246
 6434.60 0.1301181
 6436.00 0.1298590
 6437.40 0.1332263
 6438.80 0.1330644
 6440.20 0.1315750
 6441.60 0.1305066
 6443.00 0.1300857
 6444.40 0.1311541
 6445.80 0.1298267
 6447.20 0.1284020
 6448.60 0.1283373
 6450.00 0.1274955
 6451.40 0.1292115
 6452.80 0.1302152
 6454.20 0.1296000
 6455.60 0.1273660
 6457.00 0.1271070
 6458.40 0.1271070
 6459.80 0.1277869
 6461.20 0.1285639
 6462.60 0.1296324
 6464.00 0.1312189
 6465.40 0.1291791
 6466.80 0.1278840
 6468.20 0.1285316
 6469.60 0.1292439
 6471.00 0.1278516
 6472.40 0.1267508
 6473.80 0.1269127
 6475.20 0.1279164
 6476.60 0.1277869
 6478.00 0.1283697
 6479.40 0.1298267
 6480.80 0.1313160
 6482.20 0.1303771
 6483.60 0.1297943
 6485.00 0.1297295
 6486.40 0.1285639
 6487.80 0.1277221
 6489.20 0.1279488
 6490.60 0.1276250
 6492.00 0.1264918
 6493.40 0.1262328
 6494.80 0.1270098
 6496.20 0.1284992
 6497.60 0.1291791
 6499.00 0.1294705
 6500.40 0.1298590
 6501.80 0.1285963
 6503.20 0.1264594
 6504.60 0.1258119
 6506.00 0.1263623
 6507.40 0.1274307
 6508.80 0.1268479
 6510.20 0.1279811
 6511.60 0.1281754
 6513.00 0.1284992
 6514.40 0.1288553
 6515.80 0.1261680
 6517.20 0.1250348
 6518.60 0.1252614
 6520.00 0.1256824
 6521.40 0.1244196
 6522.80 0.1251319
 6524.20 0.1252291
 6525.60 0.1245815
 6527.00 0.1231569
 6528.40 0.1223475
 6529.80 0.1229627
 6531.20 0.1232541
 6532.60 0.1250348
 6534.00 0.1262004
 6535.40 0.1265242
 6536.80 0.1267832
 6538.20 0.1272688
 6539.60 0.1284020
 6541.00 0.1284020
 6542.40 0.1278516
 6543.80 0.1274307
 6545.20 0.1271070
 6546.60 0.1265565
 6548.00 0.1275279
 6549.40 0.1275602
 6550.80 0.1250996
 6552.20 0.1227360
 6553.60 0.1218294
 6555.00 0.1205667
 6556.40 0.1173614
 6557.80 0.1135732
 6559.20 0.1106916
 6560.60 0.1080367
 6562.00 0.1052846
 6563.40 0.1047342
 6564.80 0.1066121
 6566.20 0.1101089
 6567.60 0.1141884
 6569.00 0.1176204
 6570.40 0.1216999
 6571.80 0.1247758
 6573.20 0.1255528
 6574.60 0.1254557
 6576.00 0.1247434
 6577.40 0.1249701
 6578.80 0.1256176
 6580.20 0.1269774
 6581.60 0.1270098
 6583.00 0.1231569
 6584.40 0.1223475
 6585.80 0.1215381
 6587.20 0.1219913
 6588.60 0.1251643
 6590.00 0.1269451
 6591.40 0.1251643
 6592.80 0.1238692
 6594.20 0.1224770
 6595.60 0.1242901
 6597.00 0.1244520
 6598.40 0.1246463
 6599.80 0.1248082
 6601.20 0.1258119
 6602.60 0.1258442
 6604.00 0.1256500
 6605.40 0.1252291
 6606.80 0.1249701
 6608.20 0.1258766
 6609.60 0.1259737
 6611.00 0.1260709
 6612.40 0.1233836
 6613.80 0.1222180
 6615.20 0.1225417
 6616.60 0.1230922
 6618.00 0.1239016
 6619.40 0.1237073
 6620.80 0.1229303
 6622.20 0.1232541
 6623.60 0.1233188
 6625.00 0.1224770
 6626.40 0.1227036
 6627.80 0.1222504
 6629.20 0.1222180
 6630.60 0.1220237
 6632.00 0.1232541
 6633.40 0.1258119
 6634.80 0.1263947
 6636.20 0.1264270
 6637.60 0.1249053
 6639.00 0.1225094
 6640.40 0.1229627
 6641.80 0.1240635
 6643.20 0.1237721
 6644.60 0.1232217
 6646.00 0.1225094
 6647.40 0.1221856
 6648.80 0.1225741
 6650.20 0.1220561
 6651.60 0.1211495
 6653.00 0.1209876
 6654.40 0.1213762
 6655.80 0.1229627
 6657.20 0.1220237
 6658.60 0.1191421
 6660.00 0.1167462
 6661.40 0.1170700
 6662.80 0.1173290
 6664.20 0.1182679
 6665.60 0.1182356
 6667.00 0.1189479
 6668.40 0.1194335
 6669.80 0.1197249
 6671.20 0.1196278
 6672.60 0.1201135
 6674.00 0.1199516
 6675.40 0.1198544
 6676.80 0.1185917
 6678.20 0.1182032
 6679.60 0.1156778
 6681.00 0.1173614
 6682.40 0.1189155
 6683.80 0.1175233
 6685.20 0.1165196
 6686.60 0.1177823
 6688.00 0.1185593
 6689.40 0.1191097
 6690.80 0.1192069
 6692.20 0.1185593
 6693.60 0.1187860
 6695.00 0.1198221
 6696.40 0.1194659
 6697.80 0.1186241
 6699.20 0.1177823
 6700.60 0.1173614
 6702.00 0.1185917
 6703.40 0.1191097
 6704.80 0.1176851
 6706.20 0.1165519
 6707.60 0.1167786
 6709.00 0.1175880
 6710.40 0.1183003
 6711.80 0.1189802
 6713.20 0.1186565
 6714.60 0.1166167
 6716.00 0.1157425
 6717.40 0.1164872
 6718.80 0.1160015
 6720.20 0.1167138
 6721.60 0.1188507
 6723.00 0.1189802
 6724.40 0.1190450
 6725.80 0.1183974
 6727.20 0.1173938
 6728.60 0.1168433
 6730.00 0.1173290
 6731.40 0.1176528
 6732.80 0.1161634
 6734.20 0.1167786
 6735.60 0.1179118
 6737.00 0.1182679
 6738.40 0.1172642
 6739.80 0.1186565
 6741.20 0.1181384
 6742.60 0.1177823
 6744.00 0.1175880
 6745.40 0.1172642
 6746.80 0.1168757
 6748.20 0.1161958
 6749.60 0.1165843
 6751.00 0.1169081
 6752.40 0.1182032
 6753.80 0.1178470
 6755.20 0.1159692
 6756.60 0.1165196
 6758.00 0.1159368
 6759.40 0.1162929
 6760.80 0.1170376
 6762.20 0.1180089
 6763.60 0.1183327
 6765.00 0.1176528
 6766.40 0.1167786
 6767.80 0.1162929
 6769.20 0.1160663
 6770.60 0.1165196
 6772.00 0.1174261
 6773.40 0.1175233
 6774.80 0.1163577
 6776.20 0.1165196
 6777.60 0.1171024
 6779.00 0.1171671
 6780.40 0.1168757
 6781.80 0.1170052
 6783.20 0.1166815
 6784.60 0.1147064
 6786.00 0.1129257
 6787.40 0.1127314
 6788.80 0.1137999
 6790.20 0.1149007
 6791.60 0.1147712
 6793.00 0.1141236
 6794.40 0.1141236
 6795.80 0.1141236
 6797.20 0.1145122
 6798.60 0.1156130
 6800.00 0.1167138
 6801.40 0.1166167
 6802.80 0.1154835
 6804.20 0.1144798
 6805.60 0.1146741
 6807.00 0.1142208
 6808.40 0.1135085
 6809.80 0.1115658
 6811.20 0.1088138
 6812.60 0.1106269
 6814.00 0.1137675
 6815.40 0.1151921
 6816.80 0.1150950
 6818.20 0.1133466
 6819.60 0.1135408
 6821.00 0.1147712
 6822.40 0.1151273
 6823.80 0.1151597
 6825.20 0.1144474
 6826.60 0.1133142
 6828.00 0.1134761
 6829.40 0.1157425
 6830.80 0.1162605
 6832.20 0.1161310
 6833.60 0.1154511
 6835.00 0.1154511
 6836.40 0.1160663
 6837.80 0.1168110
 6839.20 0.1166815
 6840.60 0.1154511
 6842.00 0.1144150
 6843.40 0.1141560
 6844.80 0.1133466
 6846.20 0.1129581
 6847.60 0.1142532
 6849.00 0.1149331
 6850.40 0.1151921
 6851.80 0.1152569
 6853.20 0.1143179
 6854.60 0.1124724
 6856.00 0.1122781
 6857.40 0.1139618
 6858.80 0.1142855
 6860.20 0.1142532
 6861.60 0.1139941
 6863.00 0.1122781
 6864.40 0.1101089
 6865.80 0.1050256
 6867.20 0.0971255
 6868.60 0.0919128
 6870.00 0.0909091
 6871.40 0.0918480
 6872.80 0.0941144
 6874.20 0.0962190
 6875.60 0.0983883
 6877.00 0.1003957
 6878.40 0.1028239
 6879.80 0.1054465
 6881.20 0.1059969
 6882.60 0.1056408
 6884.00 0.1043781
 6885.40 0.1012051
 6886.80 0.0995862
 6888.20 0.0990034
 6889.60 0.0985501
 6891.00 0.0976436
 6892.40 0.0961542
 6893.80 0.0968018
 6895.20 0.0986797
 6896.60 0.1004280
 6898.00 0.1025002
 6899.40 0.1030830
 6900.80 0.1038600
 6902.20 0.1035686
 6903.60 0.1016907
 6905.00 0.1022088
 6906.40 0.1034391
 6907.80 0.1034715
 6909.20 0.1031477
 6910.60 0.1049609
 6912.00 0.1051227
 6913.40 0.1055113
 6914.80 0.1068711
 6916.20 0.1092670
 6917.60 0.1109830
 6919.00 0.1094613
 6920.40 0.1075834
 6921.80 0.1066121
 6923.20 0.1064502
 6924.60 0.1084252
 6926.00 0.1091375
 6927.40 0.1078101
 6928.80 0.1059969
 6930.20 0.1050580
 6931.60 0.1047018
 6933.00 0.1042809
 6934.40 0.1045076
 6935.80 0.1047990
 6937.20 0.1052523
 6938.60 0.1053170
 6940.00 0.1047018
 6941.40 0.1057055
 6942.80 0.1075834
 6944.20 0.1081662
 6945.60 0.1085871
 6947.00 0.1073244
 6948.40 0.1080691
 6949.80 0.1117277
 6951.20 0.1118572
 6952.60 0.1091375
 6954.00 0.1066121
 6955.40 0.1053818
 6956.80 0.1065150
 6958.20 0.1081015
 6959.60 0.1075834
 6961.00 0.1073892
 6962.40 0.1085224
 6963.80 0.1094613
 6965.20 0.1110478
 6966.60 0.1121486
 6968.00 0.1115335
 6969.40 0.1110802
 6970.80 0.1112097
 6972.20 0.1115011
 6973.60 0.1108859
 6975.00 0.1118572
 6976.40 0.1117277
 6977.80 0.1112421
 6979.20 0.1110478
 6980.60 0.1105298
 6982.00 0.1113716
 6983.40 0.1101089
 6984.80 0.1098175
 6986.20 0.1105298
 6987.60 0.1085547
 6989.00 0.1067416
 6990.40 0.1061264
 6991.80 0.1062883
 6993.20 0.1070654
 6994.60 0.1068387
 6996.00 0.1053170
 6997.40 0.1052846
 6998.80 0.1070654
 7000.20 0.1083929
 7001.60 0.1097851
 7003.00 0.1086195
 7004.40 0.1069035
 7005.80 0.1067416
 7007.20 0.1066445
 7008.60 0.1077777
 7010.00 0.1076482
 7011.40 0.1061588
 7012.80 0.1057703
 7014.20 0.1052846
 7015.60 0.1054141
 7017.00 0.1062559
 7018.40 0.1068064
 7019.80 0.1076158
 7021.20 0.1088785
 7022.60 0.1092023
 7024.00 0.1077129
 7025.40 0.1057703
 7026.80 0.1055760
 7028.20 0.1066769
 7029.60 0.1090728
 7031.00 0.1102384
 7032.40 0.1096879
 7033.80 0.1086843
 7035.20 0.1069359
 7036.60 0.1049609
 7038.00 0.1065797
 7039.40 0.1073568
 7040.80 0.1079719
 7042.20 0.1071949
 7043.60 0.1036334
 7045.00 0.1024354
 7046.40 0.1018526
 7047.80 0.1014965
 7049.20 0.1013670
 7050.60 0.1025326
 7052.00 0.1047666
 7053.40 0.1060941
 7054.80 0.1079719
 7056.20 0.1096556
 7057.60 0.1084900
 7059.00 0.1050580
 7060.40 0.1044104
 7061.80 0.1054789
 7063.20 0.1051551
 7064.60 0.1040867
 7066.00 0.1043781
 7067.40 0.1054465
 7068.80 0.1068387
 7070.20 0.1062559
 7071.60 0.1040543
 7073.00 0.1037953
 7074.40 0.1049932
 7075.80 0.1060617
 7077.20 0.1067416
 7078.60 0.1051551
 7080.00 0.1040867
 7081.40 0.1057055
 7082.80 0.1070006
 7084.20 0.1070330
 7085.60 0.1063207
 7087.00 0.1065150
 7088.40 0.1069359
 7089.80 0.1067416
 7091.20 0.1066769
 7092.60 0.1066445
 7094.00 0.1081986
 7095.40 0.1080691
 7096.80 0.1070330
 7098.20 0.1063207
 7099.60 0.1047666
 7101.00 0.1033744
 7102.40 0.1050580
 7103.80 0.1051551
 7105.20 0.1056084
 7106.60 0.1055760
 7108.00 0.1046047
 7109.40 0.1029535
 7110.80 0.1038924
 7112.20 0.1061912
 7113.60 0.1076482
 7115.00 0.1067416
 7116.40 0.1052523
 7117.80 0.1058674
 7119.20 0.1071301
 7120.60 0.1078101
 7122.00 0.1080367
 7123.40 0.1079396
 7124.80 0.1096556
 7126.20 0.1091052
 7127.60 0.1064502
 7129.00 0.1047990
 7130.40 0.1046371
 7131.80 0.1063207
 7133.20 0.1075510
 7134.60 0.1073568
 7136.00 0.1077777
 7137.40 0.1092994
 7138.80 0.1120191
 7140.20 0.1096556
 7141.60 0.1080367
 7143.00 0.1084576
 7144.40 0.1085224
 7145.80 0.1084900
 7147.20 0.1068387
 7148.60 0.1058998
 7150.00 0.1065150
 7151.40 0.1070654
 7152.80 0.1079719
 7154.20 0.1072273
 7155.60 0.1056084
 7157.00 0.1045076
 7158.40 0.1029535
 7159.80 0.1025649
 7161.20 0.1034391
 7162.60 0.1043457
 7164.00 0.1041190
 7165.40 0.1029211
 7166.80 0.1012051
 7168.20 0.0993920
 7169.60 0.0984854
 7171.00 0.0987444
 7172.40 0.0982911
 7173.80 0.0979997
 7175.20 0.0973846
 7176.60 0.0964780
 7178.00 0.0963485
 7179.40 0.0957981
 7180.80 0.0958304
 7182.20 0.0971903
 7183.60 0.0959600
 7185.00 0.0932726
 7186.40 0.0930784
 7187.80 0.0962837
 7189.20 0.0959276
 7190.60 0.0966723
 7192.00 0.0983883
 7193.40 0.0985825
 7194.80 0.0979997
 7196.20 0.0998129
 7197.60 0.0992624
 7199.00 0.0980321
 7200.40 0.0970608
 7201.80 0.0978055
 7203.20 0.0988739
 7204.60 0.0991006
 7206.00 0.1006870
 7207.40 0.1020145
 7208.80 0.1023059
 7210.20 0.1023707
 7211.60 0.1040543
 7213.00 0.1048637
 7214.40 0.1056084
 7215.80 0.1065150
 7217.20 0.1058674
 7218.60 0.1053818
 7220.00 0.1055113
 7221.40 0.1060293
 7222.80 0.1056084
 7224.20 0.1040543
 7225.60 0.1033744
 7227.00 0.1033744
 7228.40 0.1040543
 7229.80 0.1049609
 7231.20 0.1035362
 7232.60 0.1006547
 7234.00 0.0994891
 7235.40 0.1027268
 7236.80 0.1056732
 7238.20 0.1032449
 7239.60 0.1025649
 7241.00 0.1024678
 7242.40 0.1012698
 7243.80 0.0992624
 7245.20 0.0985501
 7246.60 0.1002985
 7248.00 0.1000719
 7249.40 0.1003957
 7250.80 0.0994243
 7252.20 0.0971255
 7253.60 0.0980969
 7255.00 0.1009784
 7256.40 0.0995538
 7257.80 0.0986149
 7259.20 0.0991977
 7260.60 0.1009784
 7262.00 0.0989710
 7263.40 0.0963809
 7264.80 0.0959276
 7266.20 0.0984854
 7267.60 0.1017555
 7269.00 0.1025649
 7270.40 0.1015936
 7271.80 0.0992948
 7273.20 0.0978055
 7274.60 0.0968665
 7276.00 0.0965104
 7277.40 0.0971903
 7278.80 0.0970608
 7280.20 0.0979673
 7281.60 0.0987768
 7283.00 0.0991977
 7284.40 0.0988092
 7285.80 0.0959600
 7287.20 0.0948591
 7288.60 0.0941468
 7290.00 0.0932079
 7291.40 0.0942763
 7292.80 0.0969637
 7294.20 0.0997481
 7295.60 0.1004928
 7297.00 0.1004604
 7298.40 0.0999747
 7299.80 0.0983559
 7301.20 0.0964132
 7302.60 0.0938878
 7304.00 0.0943735
 7305.40 0.0978378
 7306.80 0.0992624
 7308.20 0.0990034
 7309.60 0.0981292
 7311.00 0.0981292
 7312.40 0.0990682
 7313.80 0.0987444
 7315.20 0.0970608
 7316.60 0.0948915
 7318.00 0.0941792
 7319.40 0.0952800
 7320.80 0.0958304
 7322.20 0.0956686
 7323.60 0.0950858
 7325.00 0.0957009
 7326.40 0.0967370
 7327.80 0.0955714
 7329.20 0.0970608
 7330.60 0.0979997
 7332.00 0.0983883
 7333.40 0.0981292
 7334.80 0.0982264
 7336.20 0.1002014
 7337.60 0.0998129
 7339.00 0.0985825
 7340.40 0.0982264
 7341.80 0.0977407
 7343.20 0.0962514
 7344.60 0.0962837
 7346.00 0.0967046
 7347.40 0.0972550
 7348.80 0.0967370
 7350.20 0.0961542
 7351.60 0.0969960
 7353.00 0.0984854
 7354.40 0.0989387
 7355.80 0.0979673
 7357.20 0.0974169
 7358.60 0.0972550
 7360.00 0.0972227
 7361.40 0.0968989
 7362.80 0.0962514
 7364.20 0.0958304
 7365.60 0.0957981
 7367.00 0.0955067
 7368.40 0.0951829
 7369.80 0.0955067
 7371.20 0.0962190
 7372.60 0.0963809
 7374.00 0.0961218
 7375.40 0.0958304
 7376.80 0.0952800
 7378.20 0.0946325
 7379.60 0.0948591
 7381.00 0.0947944
 7382.40 0.0940173
 7383.80 0.0940821
 7385.20 0.0940173
 7386.60 0.0939849
 7388.00 0.0938554
 7389.40 0.0933050
 7390.80 0.0933374
 7392.20 0.0936612
 7393.60 0.0936612
 7395.00 0.0934021
 7396.40 0.0938878
 7397.80 0.0934993
 7399.20 0.0931755
 7400.60 0.0934993
 7402.00 0.0935317
 7403.40 0.0928517
 7404.80 0.0931431
 7406.20 0.0934993
 7407.60 0.0919128
 7409.00 0.0918804
 7410.40 0.0922042
 7411.80 0.0927870
 7413.20 0.0923013
 7414.60 0.0943735
 7416.00 0.0955714
 7417.40 0.0960247
 7418.80 0.0970284
 7420.20 0.0956362
 7421.60 0.0952800
 7423.00 0.0958952
 7424.40 0.0950858
 7425.80 0.0940497
 7427.20 0.0943087
