 3510.00 0.3817118
 3511.40 0.3957300
 3512.80 0.4249433
 3514.20 0.4188040
 3515.60 0.3939905
 3517.00 0.3846280
 3518.40 0.3673353
 3519.80 0.3220573
 3521.20 0.3254851
 3522.60 0.3321873
 3524.00 0.3210852
 3525.40 0.3095739
 3526.80 0.3022578
 3528.20 0.3328012
 3529.60 0.3327501
 3531.00 0.3365872
 3532.40 0.3591495
 3533.80 0.3678470
 3535.20 0.3655447
 3536.60 0.3595076
 3538.00 0.3407825
 3539.40 0.3116203
 3540.80 0.3131040
 3542.20 0.3190899
 3543.60 0.3112622
 3545.00 0.3138203
 3546.40 0.3227736
 3547.80 0.3429312
 3549.20 0.3481497
 3550.60 0.3369965
 3552.00 0.3341826
 3553.40 0.3448754
 3554.80 0.3641122
 3556.20 0.3804327
 3557.60 0.3659028
 3559.00 0.3620145
 3560.40 0.3656982
 3561.80 0.3443126
 3563.20 0.3218527
 3564.60 0.3144854
 3566.00 0.3142296
 3567.40 0.2983183
 3568.80 0.2736584
 3570.20 0.2598959
 3571.60 0.2677236
 3573.00 0.2900301
 3574.40 0.2998020
 3575.80 0.3098297
 3577.20 0.3339268
 3578.60 0.3536752
 3580.00 0.3597123
 3581.40 0.3459498
 3582.80 0.3189876
 3584.20 0.2966811
 3585.60 0.2758584
 3587.00 0.2769328
 3588.40 0.2968346
 3589.80 0.2943789
 3591.20 0.2999555
 3592.60 0.3210852
 3594.00 0.3218527
 3595.40 0.3147924
 3596.80 0.3370988
 3598.20 0.3410383
 3599.60 0.3202155
 3601.00 0.2998532
 3602.40 0.3028717
 3603.80 0.3176574
 3605.20 0.3308571
 3606.60 0.3441080
 3608.00 0.3469730
 3609.40 0.3509125
 3610.80 0.3393499
 3612.20 0.3242061
 3613.60 0.3226201
 3615.00 0.3235410
 3616.40 0.3263037
 3617.80 0.3296804
 3619.20 0.3272758
 3620.60 0.3224154
 3622.00 0.3235410
 3623.40 0.3381220
 3624.80 0.3466149
 3626.20 0.3426243
 3627.60 0.3523962
 3629.00 0.3446196
 3630.40 0.3240014
 3631.80 0.3105971
 3633.20 0.2969881
 3634.60 0.3002624
 3636.00 0.3056344
 3637.40 0.3193457
 3638.80 0.3298850
 3640.20 0.3336710
 3641.60 0.3300897
 3643.00 0.3168900
 3644.40 0.3117226
 3645.80 0.3098808
 3647.20 0.3132063
 3648.60 0.3177597
 3650.00 0.3243084
 3651.40 0.3355640
 3652.80 0.3162760
 3654.20 0.3378151
 3655.60 0.3545449
 3657.00 0.3536240
 3658.40 0.3496334
 3659.80 0.3641633
 3661.20 0.3604285
 3662.60 0.3535217
 3664.00 0.3410383
 3665.40 0.3373035
 3666.80 0.3403732
 3668.20 0.3238480
 3669.60 0.3412429
 3671.00 0.3727073
 3672.40 0.3592518
 3673.80 0.3452847
 3675.20 0.3483032
 3676.60 0.3226712
 3678.00 0.2953509
 3679.40 0.3099320
 3680.80 0.3290664
 3682.20 0.3433405
 3683.60 0.3395034
 3685.00 0.3322385
 3686.40 0.3290153
 3687.80 0.3283502
 3689.20 0.3309083
 3690.60 0.3316245
 3692.00 0.3362291
 3693.40 0.3567449
 3694.80 0.3514241
 3696.20 0.3268153
 3697.60 0.3298850
 3699.00 0.3457963
 3700.40 0.3587402
 3701.80 0.3614006
 3703.20 0.3465126
 3704.60 0.3431870
 3706.00 0.3476893
 3707.40 0.3515264
 3708.80 0.3468707
 3710.20 0.3352058
 3711.60 0.3401685
 3713.00 0.3551077
 3714.40 0.3999764
 3715.80 0.4418266
 3717.20 0.4459196
 3718.60 0.3927627
 3720.00 0.3509636
 3721.40 0.3320850
 3722.80 0.3296292
 3724.20 0.3447219
 3725.60 0.3825303
 3727.00 0.4402918
 3728.40 0.4832676
 3729.80 0.4556403
 3731.20 0.3906650
 3732.60 0.3299873
 3734.00 0.2955044
 3735.40 0.3095739
 3736.80 0.3680516
 3738.20 0.4218736
 3739.60 0.4689423
 3741.00 0.4996393
 3742.40 0.5021974
 3743.80 0.4628029
 3745.20 0.4147110
 3746.60 0.3595076
 3748.00 0.3096762
 3749.40 0.2989323
 3750.80 0.3271735
 3752.20 0.3929162
 3753.60 0.4423383
 3755.00 0.4745701
 3756.40 0.4848024
 3757.80 0.4658726
 3759.20 0.4633145
 3760.60 0.5027090
 3762.00 0.5303363
 3763.40 0.5154994
 3764.80 0.4674075
 3766.20 0.4310827
 3767.60 0.3952696
 3769.00 0.3475358
 3770.40 0.3283502
 3771.80 0.3528054
 3773.20 0.4157342
 3774.60 0.4827560
 3776.00 0.5415918
 3777.40 0.5968464
 3778.80 0.6331711
 3780.20 0.6521009
 3781.60 0.6807514
 3783.00 0.7237272
 3784.40 0.7175878
 3785.80 0.6643797
 3787.20 0.6096368
 3788.60 0.5753585
 3790.00 0.5625681
 3791.40 0.5559171
 3792.80 0.5139646
 3794.20 0.4361989
 3795.60 0.3539822
 3797.00 0.3076809
 3798.40 0.3337733
 3799.80 0.3904092
 3801.20 0.4551287
 3802.60 0.5461964
 3804.00 0.6214040
 3805.40 0.6428918
 3806.80 0.6648913
 3808.20 0.7129832
 3809.60 0.7477732
 3811.00 0.7457267
 3812.40 0.7247504
 3813.80 0.7165646
 3815.20 0.7252620
 3816.60 0.7436802
 3818.00 0.7702843
 3819.40 0.7605636
 3820.80 0.7360060
 3822.20 0.7308898
 3823.60 0.6920070
 3825.00 0.6413570
 3826.40 0.5942883
 3827.80 0.5410802
 3829.20 0.4955463
 3830.60 0.4433615
 3832.00 0.3794606
 3833.40 0.3159179
 3834.80 0.2848628
 3836.20 0.3064530
 3837.60 0.3623727
 3839.00 0.4295479
 3840.40 0.4894070
 3841.80 0.5385221
 3843.20 0.5983812
 3844.60 0.6730772
 3846.00 0.7278201
 3847.40 0.7472615
 3848.80 0.7707959
 3850.20 0.8066090
 3851.60 0.8316782
 3853.00 0.8439570
 3854.40 0.8516313
 3855.80 0.8470267
 3857.20 0.8337247
 3858.60 0.8383293
 3860.00 0.8577707
 3861.40 0.8884676
 3862.80 0.9053510
 3864.20 0.9007464
 3865.60 0.8925606
 3867.00 0.9002348
 3868.40 0.9232576
 3869.80 0.9099555
 3871.20 0.8526545
 3872.60 0.8004696
 3874.00 0.7667029
 3875.40 0.7534009
 3876.80 0.7206575
 3878.20 0.6899605
 3879.60 0.6802398
 3881.00 0.6633565
 3882.40 0.6065671
 3883.80 0.5308479
 3885.20 0.4571751
 3886.60 0.3847303
 3888.00 0.3328524
 3889.40 0.3544426
 3890.80 0.4147110
 3892.20 0.4853140
 3893.60 0.5385221
 3895.00 0.5656378
 3896.40 0.6065671
 3897.80 0.6357292
 3899.20 0.6694959
 3900.60 0.7104252
 3902.00 0.7467499
 3903.40 0.7707959
 3904.80 0.7677262
 3906.20 0.7651681
 3907.60 0.8050742
 3909.00 0.8731191
 3910.40 0.9068858
 3911.80 0.9160949
 3913.20 0.9084207
 3914.60 0.9089322
 3916.00 0.8843747
 3917.40 0.8894908
 3918.80 0.9063742
 3920.20 0.9247924
 3921.60 0.9606055
 3923.00 0.9723727
 3924.40 0.9585590
 3925.80 0.9186529
 3927.20 0.8485616
 3928.60 0.7661913
 3930.00 0.6725656
 3931.40 0.5758701
 3932.80 0.5073135
 3934.20 0.5195923
 3935.60 0.6198691
 3937.00 0.7252620
 3938.40 0.8096787
 3939.80 0.8649332
 3941.20 0.8500964
 3942.60 0.8465151
 3944.00 0.8628868
 3945.40 0.8705610
 3946.80 0.8531661
 3948.20 0.8286085
 3949.60 0.8107019
 3951.00 0.8035393
 3952.40 0.7989348
 3953.80 0.7953534
 3955.20 0.7595403
 3956.60 0.7237272
 3958.00 0.7145181
 3959.40 0.6996812
 3960.80 0.6531242
 3962.20 0.5830327
 3963.60 0.5078251
 3965.00 0.4505242
 3966.40 0.3540845
 3967.80 0.2807187
 3969.20 0.2649098
 3970.60 0.2969370
 3972.00 0.3672842
 3973.40 0.4500125
 3974.80 0.5293130
 3976.20 0.6019626
 3977.60 0.6515893
 3979.00 0.6792166
 3980.40 0.6981464
 3981.80 0.7165646
 3983.20 0.7416337
 3984.60 0.7912605
 3986.00 0.8260505
 3987.40 0.8480500
 3988.80 0.8628868
 3990.20 0.9063742
 3991.60 0.9232576
 3993.00 0.9089322
 3994.40 0.8915373
 3995.80 0.8787469
 3997.20 0.8864211
 3998.60 0.9114904
 4000.00 0.9293969
 4001.40 0.9268388
 4002.80 0.9084207
 4004.20 0.8971651
 4005.60 0.9063742
 4007.00 0.9288853
 4008.40 0.9473035
 4009.80 0.9524197
 4011.20 0.9503732
 4012.60 0.9539545
 4014.00 0.9554894
 4015.40 0.9626519
 4016.80 0.9820934
 4018.20 0.9938605
 4019.60 0.9913025
 4021.00 0.9831166
 4022.40 0.9652101
 4023.80 0.9575358
 4025.20 0.9611171
 4026.60 0.9728843
 4028.00 0.9708378
 4029.40 0.9478151
 4030.80 0.9365596
 4032.20 0.9391176
 4033.60 0.9462803
 4035.00 0.9703262
 4036.40 0.9994883
 4037.80 1.0000000
 4039.20 0.9703262
 4040.60 0.9554894
 4042.00 0.9452570
 4043.40 0.9293969
 4044.80 0.9160949
 4046.20 0.9253039
 4047.60 0.9467918
 4049.00 0.9616287
 4050.40 0.9621404
 4051.80 0.9560010
 4053.20 0.9442338
 4054.60 0.9268388
 4056.00 0.9171181
 4057.40 0.9242807
 4058.80 0.9442338
 4060.20 0.9590707
 4061.60 0.9396293
 4063.00 0.9109787
 4064.40 0.8884676
 4065.80 0.8644217
 4067.20 0.8567474
 4068.60 0.8894908
 4070.00 0.9125136
 4071.40 0.8976767
 4072.80 0.8746539
 4074.20 0.8460035
 4075.60 0.8004696
 4077.00 0.7687494
 4078.40 0.7764237
 4079.80 0.8045626
 4081.20 0.8260505
 4082.60 0.8214459
 4084.00 0.8050742
 4085.40 0.7871676
 4086.80 0.7718191
 4088.20 0.7508429
 4089.60 0.7175878
 4091.00 0.6771701
 4092.40 0.6387989
 4093.80 0.5937767
 4095.20 0.5344292
 4096.60 0.4684307
 4098.00 0.4000276
 4099.40 0.3409871
 4100.80 0.3223131
 4102.20 0.3459498
 4103.60 0.4024834
 4105.00 0.4663842
 4106.40 0.5180575
 4107.80 0.5630797
 4109.20 0.6055438
 4110.60 0.6341944
 4112.00 0.6551706
 4113.40 0.6976348
 4114.80 0.7308898
 4116.20 0.7574939
 4117.60 0.7840979
 4119.00 0.7779585
 4120.40 0.7641449
 4121.80 0.7620984
 4123.20 0.7805166
 4124.60 0.7938186
 4126.00 0.8045626
 4127.40 0.8086555
 4128.80 0.8066090
 4130.20 0.8020045
 4131.60 0.8060974
 4133.00 0.8183762
 4134.40 0.8419106
 4135.80 0.8910256
 4137.20 0.9253039
 4138.60 0.9365596
 4140.00 0.9247924
 4141.40 0.9150717
 4142.80 0.9002348
 4144.20 0.8987000
 4145.60 0.9130252
 4147.00 0.9058625
 4148.40 0.8818166
 4149.80 0.8807934
 4151.20 0.8981883
 4152.60 0.8976767
 4154.00 0.8782353
 4155.40 0.8623752
 4156.80 0.8628868
 4158.20 0.8777237
 4159.60 0.8961418
 4161.00 0.9012580
 4162.40 0.9012580
 4163.80 0.9114904
 4165.20 0.9176297
 4166.60 0.9212111
 4168.00 0.9191646
 4169.40 0.8859096
 4170.80 0.8352596
 4172.20 0.8163298
 4173.60 0.8275853
 4175.00 0.8618635
 4176.40 0.8362828
 4177.80 0.8357711
 4179.20 0.8582823
 4180.60 0.8710727
 4182.00 0.8746539
 4183.40 0.8828398
 4184.80 0.8859096
 4186.20 0.8751656
 4187.60 0.8731191
 4189.00 0.8807934
 4190.40 0.8920490
 4191.80 0.8920490
 4193.20 0.9191646
 4194.60 0.9012580
 4196.00 0.8690262
 4197.40 0.8531661
 4198.80 0.8828398
 4200.20 0.8864211
 4201.60 0.8761889
 4203.00 0.8720959
 4204.40 0.8644217
 4205.80 0.8751656
 4207.20 0.8925606
 4208.60 0.9181414
 4210.00 0.9288853
 4211.40 0.9217227
 4212.80 0.9089322
 4214.20 0.8981883
 4215.60 0.9002348
 4217.00 0.9027928
 4218.40 0.8997232
 4219.80 0.8956303
 4221.20 0.8813049
 4222.60 0.8557242
 4224.00 0.8347479
 4225.40 0.8209343
 4226.80 0.8286085
 4228.20 0.8700494
 4229.60 0.8797701
 4231.00 0.8649332
 4232.40 0.8301434
 4233.80 0.8306550
 4235.20 0.8311666
 4236.60 0.8357711
 4238.00 0.8403757
 4239.40 0.8393524
 4240.80 0.8639100
 4242.20 0.8782353
 4243.60 0.8777237
 4245.00 0.8603287
 4246.40 0.8424221
 4247.80 0.8306550
 4249.20 0.8321899
 4250.60 0.8311666
 4252.00 0.8526545
 4253.40 0.8680030
 4254.80 0.8746539
 4256.20 0.8818166
 4257.60 0.8628868
 4259.00 0.8449803
 4260.40 0.8444686
 4261.80 0.8715842
 4263.20 0.8935838
 4264.60 0.8828398
 4266.00 0.8603287
 4267.40 0.8495848
 4268.80 0.8413989
 4270.20 0.8199110
 4271.60 0.8045626
 4273.00 0.8096787
 4274.40 0.8219575
 4275.80 0.8485616
 4277.20 0.8690262
 4278.60 0.8761889
 4280.00 0.8756772
 4281.40 0.8541893
 4282.80 0.8347479
 4284.20 0.8265621
 4285.60 0.8178646
 4287.00 0.8076322
 4288.40 0.7871676
 4289.80 0.7754004
 4291.20 0.7835863
 4292.60 0.8025161
 4294.00 0.8112136
 4295.40 0.8035393
 4296.80 0.7871676
 4298.20 0.7580055
 4299.60 0.7283318
 4301.00 0.7170762
 4302.40 0.7314014
 4303.80 0.7554474
 4305.20 0.7580055
 4306.60 0.7431686
 4308.00 0.7380525
 4309.40 0.7477732
 4310.80 0.7672146
 4312.20 0.7641449
 4313.60 0.7447034
 4315.00 0.7375408
 4316.40 0.7487964
 4317.80 0.7585171
 4319.20 0.7523777
 4320.60 0.7334479
 4322.00 0.7150297
 4323.40 0.6966116
 4324.80 0.6710307
 4326.20 0.6546590
 4327.60 0.6505661
 4329.00 0.6398221
 4330.40 0.6116833
 4331.80 0.5743353
 4333.20 0.5318711
 4334.60 0.4842908
 4336.00 0.4259666
 4337.40 0.3641122
 4338.80 0.3116715
 4340.20 0.2875744
 4341.60 0.3099832
 4343.00 0.3611448
 4344.40 0.4203388
 4345.80 0.4715004
 4347.20 0.5093600
 4348.60 0.5451731
 4350.00 0.5743353
 4351.40 0.5871257
 4352.80 0.6055438
 4354.20 0.6459615
 4355.60 0.6817747
 4357.00 0.7124716
 4358.40 0.7186111
 4359.80 0.7237272
 4361.20 0.7580055
 4362.60 0.7779585
 4364.00 0.7943303
 4365.40 0.7943303
 4366.80 0.7830747
 4368.20 0.7876792
 4369.60 0.8004696
 4371.00 0.8183762
 4372.40 0.8204227
 4373.80 0.7999580
 4375.20 0.7938186
 4376.60 0.8045626
 4378.00 0.8163298
 4379.40 0.8153065
 4380.80 0.8081439
 4382.20 0.7800050
 4383.60 0.7395873
 4385.00 0.7477732
 4386.40 0.7687494
 4387.80 0.7876792
 4389.20 0.7999580
 4390.60 0.8055858
 4392.00 0.8004696
 4393.40 0.7922838
 4394.80 0.7968883
 4396.20 0.8245156
 4397.60 0.8332131
 4399.00 0.8204227
 4400.40 0.7963767
 4401.80 0.7769353
 4403.20 0.7902373
 4404.60 0.8219575
 4406.00 0.8352596
 4407.40 0.8352596
 4408.80 0.8214459
 4410.20 0.8255388
 4411.60 0.8188878
 4413.00 0.8060974
 4414.40 0.7871676
 4415.80 0.7728424
 4417.20 0.7876792
 4418.60 0.8076322
 4420.00 0.8183762
 4421.40 0.8086555
 4422.80 0.7876792
 4424.20 0.7835863
 4425.60 0.7789817
 4427.00 0.7810282
 4428.40 0.7912605
 4429.80 0.7830747
 4431.20 0.7805166
 4432.60 0.7876792
 4434.00 0.7943303
 4435.40 0.8076322
 4436.80 0.8311666
 4438.20 0.8301434
 4439.60 0.8076322
 4441.00 0.7784701
 4442.40 0.7528893
 4443.80 0.7697727
 4445.20 0.7892141
 4446.60 0.7963767
 4448.00 0.7871676
 4449.40 0.7876792
 4450.80 0.7892141
 4452.20 0.7774469
 4453.60 0.7728424
 4455.00 0.7677262
 4456.40 0.7631217
 4457.80 0.7600520
 4459.20 0.7651681
 4460.60 0.7631217
 4462.00 0.7728424
 4463.40 0.7800050
 4464.80 0.7743772
 4466.20 0.7590287
 4467.60 0.7436802
 4469.00 0.7610752
 4470.40 0.7789817
 4471.80 0.7902373
 4473.20 0.7779585
 4474.60 0.7846096
 4476.00 0.7938186
 4477.40 0.7856327
 4478.80 0.7590287
 4480.20 0.7227039
 4481.60 0.7436802
 4483.00 0.7580055
 4484.40 0.7636332
 4485.80 0.7713075
 4487.20 0.7810282
 4488.60 0.7656797
 4490.00 0.7631217
 4491.40 0.7661913
 4492.80 0.7876792
 4494.20 0.7968883
 4495.60 0.7856327
 4497.00 0.7866560
 4498.40 0.7922838
 4499.80 0.7963767
 4501.20 0.7866560
 4502.60 0.8020045
 4504.00 0.8147949
 4505.40 0.8086555
 4506.80 0.8050742
 4508.20 0.7892141
 4509.60 0.7917722
 4511.00 0.8009812
 4512.40 0.7933070
 4513.80 0.7933070
 4515.20 0.7897257
 4516.60 0.7687494
 4518.00 0.7503313
 4519.40 0.7477732
 4520.80 0.7503313
 4522.20 0.7539125
 4523.60 0.7411222
 4525.00 0.7267969
 4526.40 0.7150297
 4527.80 0.7385641
 4529.20 0.7452151
 4530.60 0.7288434
 4532.00 0.7180994
 4533.40 0.7267969
 4534.80 0.7687494
 4536.20 0.7938186
 4537.60 0.7820515
 4539.00 0.7590287
 4540.40 0.7482848
 4541.80 0.7528893
 4543.20 0.7508429
 4544.60 0.7447034
 4546.00 0.7329363
 4547.40 0.7129832
 4548.80 0.7129832
 4550.20 0.7211691
 4551.60 0.7170762
 4553.00 0.7058206
 4554.40 0.6930302
 4555.80 0.6950767
 4557.20 0.7170762
 4558.60 0.7339595
 4560.00 0.7395873
 4561.40 0.7349827
 4562.80 0.7390757
 4564.20 0.7360060
 4565.60 0.7273085
 4567.00 0.7380525
 4568.40 0.7513545
 4569.80 0.7646565
 4571.20 0.7580055
 4572.60 0.7467499
 4574.00 0.7498196
 4575.40 0.7518661
 4576.80 0.7457267
 4578.20 0.7390757
 4579.60 0.7191227
 4581.00 0.6853560
 4582.40 0.6735888
 4583.80 0.6976348
 4585.20 0.7232156
 4586.60 0.7104252
 4588.00 0.7001928
 4589.40 0.7073555
 4590.80 0.7063323
 4592.20 0.7145181
 4593.60 0.7339595
 4595.00 0.7441918
 4596.40 0.7447034
 4597.80 0.7544242
 4599.20 0.7610752
 4600.60 0.7493080
 4602.00 0.7447034
 4603.40 0.7452151
 4604.80 0.7360060
 4606.20 0.7308898
 4607.60 0.7380525
 4609.00 0.7534009
 4610.40 0.7518661
 4611.80 0.7482848
 4613.20 0.7467499
 4614.60 0.7375408
 4616.00 0.7227039
 4617.40 0.7186111
 4618.80 0.7201459
 4620.20 0.7329363
 4621.60 0.7467499
 4623.00 0.7580055
 4624.40 0.7380525
 4625.80 0.7308898
 4627.20 0.7278201
 4628.60 0.7354944
 4630.00 0.7436802
 4631.40 0.7221923
 4632.80 0.7088903
 4634.20 0.7221923
 4635.60 0.7354944
 4637.00 0.7426570
 4638.40 0.7370292
 4639.80 0.7375408
 4641.20 0.7482848
 4642.60 0.7452151
 4644.00 0.7416337
 4645.40 0.7477732
 4646.80 0.7293550
 4648.20 0.7298666
 4649.60 0.7293550
 4651.00 0.7232156
 4652.40 0.7344711
 4653.80 0.7441918
 4655.20 0.7569822
 4656.60 0.7564706
 4658.00 0.7559590
 4659.40 0.7493080
 4660.80 0.7472615
 4662.20 0.7513545
 4663.60 0.7365176
 4665.00 0.7088903
 4666.40 0.6920070
 4667.80 0.6971232
 4669.20 0.7007044
 4670.60 0.7293550
 4672.00 0.7339595
 4673.40 0.7395873
 4674.80 0.7477732
 4676.20 0.7206575
 4677.60 0.6945651
 4679.00 0.6945651
 4680.40 0.7216807
 4681.80 0.7467499
 4683.20 0.7498196
 4684.60 0.7365176
 4686.00 0.7447034
 4687.40 0.7298666
 4688.80 0.7165646
 4690.20 0.7237272
 4691.60 0.7426570
 4693.00 0.7267969
 4694.40 0.7283318
 4695.80 0.7232156
 4697.20 0.7262853
 4698.60 0.7134949
 4700.00 0.6960999
 4701.40 0.6976348
 4702.80 0.6960999
 4704.20 0.7032625
 4705.60 0.7216807
 4707.00 0.7160530
 4708.40 0.7150297
 4709.80 0.7007044
 4711.20 0.6971232
 4712.60 0.7012161
 4714.00 0.7001928
 4715.40 0.7124716
 4716.80 0.7211691
 4718.20 0.7191227
 4719.60 0.7175878
 4721.00 0.7196343
 4722.40 0.7175878
 4723.80 0.7165646
 4725.20 0.7068439
 4726.60 0.7001928
 4728.00 0.6899605
 4729.40 0.6725656
 4730.80 0.6812630
 4732.20 0.7140065
 4733.60 0.7104252
 4735.00 0.6884257
 4736.40 0.6776817
 4737.80 0.6756353
 4739.20 0.7083787
 4740.60 0.7094020
 4742.00 0.6904721
 4743.40 0.6874025
 4744.80 0.7032625
 4746.20 0.7063323
 4747.60 0.7022393
 4749.00 0.7007044
 4750.40 0.6920070
 4751.80 0.6930302
 4753.20 0.6966116
 4754.60 0.6935418
 4756.00 0.6848444
 4757.40 0.6940535
 4758.80 0.7012161
 4760.20 0.7088903
 4761.60 0.6781933
 4763.00 0.6577287
 4764.40 0.6613100
 4765.80 0.6756353
 4767.20 0.6874025
 4768.60 0.6807514
 4770.00 0.6884257
 4771.40 0.6853560
 4772.80 0.6822863
 4774.20 0.6787049
 4775.60 0.6853560
 4777.00 0.6920070
 4778.40 0.7007044
 4779.80 0.6996812
 4781.20 0.6920070
 4782.60 0.6710307
 4784.00 0.6531242
 4785.40 0.6382873
 4786.80 0.6347060
 4788.20 0.6398221
 4789.60 0.6474964
 4791.00 0.6505661
 4792.40 0.6654030
 4793.80 0.6720540
 4795.20 0.6756353
 4796.60 0.6802398
 4798.00 0.6694959
 4799.40 0.6505661
 4800.80 0.6423802
 4802.20 0.6449383
 4803.60 0.6480080
 4805.00 0.6485196
 4806.40 0.6505661
 4807.80 0.6582403
 4809.20 0.6505661
 4810.60 0.6347060
 4812.00 0.6398221
 4813.40 0.6459615
 4814.80 0.6434035
 4816.20 0.6398221
 4817.60 0.6214040
 4819.00 0.6014509
 4820.40 0.6009393
 4821.80 0.6116833
 4823.20 0.6203807
 4824.60 0.6316363
 4826.00 0.6434035
 4827.40 0.6393105
 4828.80 0.6331711
 4830.20 0.6254969
 4831.60 0.6219156
 4833.00 0.6014509
 4834.40 0.5850792
 4835.80 0.5789398
 4837.20 0.5835443
 4838.60 0.5814979
 4840.00 0.5768933
 4841.40 0.5804747
 4842.80 0.5753585
 4844.20 0.5559171
 4845.60 0.5400570
 4847.00 0.5226620
 4848.40 0.5139646
 4849.80 0.5170342
 4851.20 0.4996393
 4852.60 0.4684307
 4854.00 0.4423383
 4855.40 0.4285247
 4856.80 0.4167575
 4858.20 0.3942975
 4859.60 0.3584844
 4861.00 0.3118761
 4862.40 0.2668027
 4863.80 0.2428080
 4865.20 0.2447009
 4866.60 0.2670074
 4868.00 0.2983695
 4869.40 0.3493776
 4870.80 0.3929162
 4872.20 0.4107204
 4873.60 0.4218736
 4875.00 0.4377337
 4876.40 0.4495009
 4877.80 0.4602449
 4879.20 0.4766166
 4880.60 0.4924767
 4882.00 0.5190807
 4883.40 0.5461964
 4884.80 0.5523358
 4886.20 0.5400570
 4887.60 0.5385221
 4889.00 0.5431267
 4890.40 0.5513125
 4891.80 0.5605216
 4893.20 0.5605216
 4894.60 0.5579636
 4896.00 0.5702424
 4897.40 0.5850792
 4898.80 0.5999161
 4900.20 0.6111716
 4901.60 0.6055438
 4903.00 0.5922418
 4904.40 0.5927534
 4905.80 0.5932650
 4907.20 0.5850792
 4908.60 0.6009393
 4910.00 0.6301014
 4911.40 0.6372640
 4912.80 0.6260085
 4914.20 0.6060555
 4915.60 0.5937767
 4917.00 0.6096368
 4918.40 0.6301014
 4919.80 0.6306131
 4921.20 0.6096368
 4922.60 0.5927534
 4924.00 0.5932650
 4925.40 0.5947999
 4926.80 0.5907070
 4928.20 0.5978696
 4929.60 0.6116833
 4931.00 0.6249852
 4932.40 0.6265201
 4933.80 0.6198691
 4935.20 0.6198691
 4936.60 0.6101484
 4938.00 0.5999161
 4939.40 0.6009393
 4940.80 0.6075903
 4942.20 0.6075903
 4943.60 0.6019626
 4945.00 0.6050322
 4946.40 0.6183343
 4947.80 0.6270317
 4949.20 0.6239621
 4950.60 0.6239621
 4952.00 0.6321479
 4953.40 0.6336828
 4954.80 0.6331711
 4956.20 0.6265201
 4957.60 0.6336828
 4959.00 0.6423802
 4960.40 0.6249852
 4961.80 0.5963348
 4963.20 0.5963348
 4964.60 0.6173110
 4966.00 0.6147529
 4967.40 0.5988928
 4968.80 0.6009393
 4970.20 0.6101484
 4971.60 0.6060555
 4973.00 0.5983812
 4974.40 0.6132181
 4975.80 0.6295898
 4977.20 0.6270317
 4978.60 0.6254969
 4980.00 0.6244736
 4981.40 0.6219156
 4982.80 0.6132181
 4984.20 0.5907070
 4985.60 0.5707539
 4987.00 0.5610332
 4988.40 0.5589867
 4989.80 0.5610332
 4991.20 0.5722888
 4992.60 0.5932650
 4994.00 0.6045206
 4995.40 0.6050322
 4996.80 0.6075903
 4998.20 0.6081019
 4999.60 0.5978696
 5001.00 0.5784282
 5002.40 0.5436383
 5003.80 0.5144762
 5005.20 0.5354524
 5006.60 0.5579636
 5008.00 0.5589867
 5009.40 0.5538706
 5010.80 0.5523358
 5012.20 0.5605216
 5013.60 0.5681959
 5015.00 0.5692191
 5016.40 0.5666610
 5017.80 0.5666610
 5019.20 0.5641029
 5020.60 0.5610332
 5022.00 0.5385221
 5023.40 0.5282898
 5024.80 0.5528474
 5026.20 0.5840560
 5027.60 0.5866141
 5029.00 0.5779166
 5030.40 0.5835443
 5031.80 0.5794514
 5033.20 0.5692191
 5034.60 0.5845676
 5036.00 0.6065671
 5037.40 0.5953115
 5038.80 0.5840560
 5040.20 0.5774050
 5041.60 0.5630797
 5043.00 0.5569403
 5044.40 0.5502893
 5045.80 0.5456848
 5047.20 0.5579636
 5048.60 0.5733120
 5050.00 0.5774050
 5051.40 0.5702424
 5052.80 0.5630797
 5054.20 0.5538706
 5055.60 0.5456848
 5057.00 0.5513125
 5058.40 0.5564287
 5059.80 0.5538706
 5061.20 0.5554055
 5062.60 0.5651262
 5064.00 0.5722888
 5065.40 0.5794514
 5066.80 0.5830327
 5068.20 0.5676843
 5069.60 0.5374989
 5071.00 0.5221504
 5072.40 0.5349408
 5073.80 0.5482429
 5075.20 0.5533590
 5076.60 0.5523358
 5078.00 0.5497777
 5079.40 0.5508009
 5080.80 0.5502893
 5082.20 0.5410802
 5083.60 0.5374989
 5085.00 0.5446615
 5086.40 0.5523358
 5087.80 0.5554055
 5089.20 0.5594984
 5090.60 0.5584752
 5092.00 0.5589867
 5093.40 0.5610332
 5094.80 0.5610332
 5096.20 0.5692191
 5097.60 0.5697307
 5099.00 0.5625681
 5100.40 0.5548938
 5101.80 0.5508009
 5103.20 0.5543822
 5104.60 0.5584752
 5106.00 0.5692191
 5107.40 0.5809862
 5108.80 0.5814979
 5110.20 0.5728004
 5111.60 0.5605216
 5113.00 0.5574519
 5114.40 0.5681959
 5115.80 0.5768933
 5117.20 0.5733120
 5118.60 0.5666610
 5120.00 0.5671726
 5121.40 0.5671726
 5122.80 0.5646146
 5124.20 0.5646146
 5125.60 0.5676843
 5127.00 0.5671726
 5128.40 0.5610332
 5129.80 0.5543822
 5131.20 0.5487544
 5132.60 0.5426151
 5134.00 0.5354524
 5135.40 0.5390337
 5136.80 0.5538706
 5138.20 0.5502893
 5139.60 0.5446615
 5141.00 0.5364757
 5142.40 0.5195923
 5143.80 0.5160110
 5145.20 0.5323827
 5146.60 0.5482429
 5148.00 0.5533590
 5149.40 0.5477312
 5150.80 0.5359641
 5152.20 0.5385221
 5153.60 0.5431267
 5155.00 0.5405686
 5156.40 0.5282898
 5157.80 0.5119181
 5159.20 0.5083368
 5160.60 0.5241969
 5162.00 0.5405686
 5163.40 0.5436383
 5164.80 0.5390337
 5166.20 0.5354524
 5167.60 0.5272665
 5169.00 0.5134529
 5170.40 0.4940115
 5171.80 0.4745701
 5173.20 0.4704772
 5174.60 0.4653610
 5176.00 0.4720120
 5177.40 0.4960580
 5178.80 0.5114065
 5180.20 0.5313595
 5181.60 0.5410802
 5183.00 0.5380105
 5184.40 0.5339176
 5185.80 0.5098716
 5187.20 0.4888953
 5188.60 0.4929883
 5190.00 0.5037322
 5191.40 0.5139646
 5192.80 0.5282898
 5194.20 0.5216388
 5195.60 0.4975928
 5197.00 0.4919651
 5198.40 0.4894070
 5199.80 0.4822444
 5201.20 0.4817327
 5202.60 0.4955463
 5204.00 0.5119181
 5205.40 0.5165227
 5206.80 0.5154994
 5208.20 0.5093600
 5209.60 0.4965696
 5211.00 0.4981044
 5212.40 0.4960580
 5213.80 0.4970812
 5215.20 0.5103832
 5216.60 0.5093600
 5218.00 0.5124297
 5219.40 0.5103832
 5220.80 0.5093600
 5222.20 0.5262434
 5223.60 0.5257317
 5225.00 0.5247085
 5226.40 0.5236853
 5227.80 0.5083368
 5229.20 0.4832676
 5230.60 0.4755933
 5232.00 0.4755933
 5233.40 0.4771282
 5234.80 0.4842908
 5236.20 0.4934999
 5237.60 0.4904302
 5239.00 0.4848024
 5240.40 0.4919651
 5241.80 0.5088484
 5243.20 0.5108948
 5244.60 0.5073135
 5246.00 0.5062903
 5247.40 0.5062903
 5248.80 0.5093600
 5250.20 0.5103832
 5251.60 0.5119181
 5253.00 0.5139646
 5254.40 0.5134529
 5255.80 0.5108948
 5257.20 0.5088484
 5258.60 0.5103832
 5260.00 0.5144762
 5261.40 0.5144762
 5262.80 0.5078251
 5264.20 0.4970812
 5265.60 0.4848024
 5267.00 0.4745701
 5268.40 0.4658726
 5269.80 0.4602449
 5271.20 0.4571751
 5272.60 0.4525706
 5274.00 0.4535938
 5275.40 0.4602449
 5276.80 0.4638261
 5278.20 0.4668958
 5279.60 0.4694539
 5281.00 0.4735468
 5282.40 0.4786630
 5283.80 0.4801979
 5285.20 0.4771282
 5286.60 0.4740585
 5288.00 0.4781514
 5289.40 0.4888953
 5290.80 0.4945232
 5292.20 0.5052670
 5293.60 0.5129413
 5295.00 0.5001509
 5296.40 0.4960580
 5297.80 0.4991277
 5299.20 0.5016858
 5300.60 0.4986161
 5302.00 0.4899186
 5303.40 0.4914534
 5304.80 0.4899186
 5306.20 0.4837792
 5307.60 0.4924767
 5309.00 0.4981044
 5310.40 0.4986161
 5311.80 0.4991277
 5313.20 0.4975928
 5314.60 0.4975928
 5316.00 0.4924767
 5317.40 0.4832676
 5318.80 0.4735468
 5320.20 0.4643378
 5321.60 0.4689423
 5323.00 0.4766166
 5324.40 0.4745701
 5325.80 0.4653610
 5327.20 0.4602449
 5328.60 0.4602449
 5330.00 0.4592216
 5331.40 0.4546171
 5332.80 0.4541054
 5334.20 0.4633145
 5335.60 0.4771282
 5337.00 0.4899186
 5338.40 0.4894070
 5339.80 0.4745701
 5341.20 0.4628029
 5342.60 0.4653610
 5344.00 0.4771282
 5345.40 0.4853140
 5346.80 0.4827560
 5348.20 0.4776398
 5349.60 0.4755933
 5351.00 0.4781514
 5352.40 0.4817327
 5353.80 0.4827560
 5355.20 0.4822444
 5356.60 0.4883837
 5358.00 0.5021974
 5359.40 0.5011741
 5360.80 0.4960580
 5362.20 0.4960580
 5363.60 0.4950348
 5365.00 0.4842908
 5366.40 0.4720120
 5367.80 0.4607565
 5369.20 0.4530822
 5370.60 0.4551287
 5372.00 0.4592216
 5373.40 0.4663842
 5374.80 0.4740585
 5376.20 0.4725237
 5377.60 0.4658726
 5379.00 0.4638261
 5380.40 0.4648494
 5381.80 0.4597332
 5383.20 0.4597332
 5384.60 0.4633145
 5386.00 0.4689423
 5387.40 0.4827560
 5388.80 0.4904302
 5390.20 0.4822444
 5391.60 0.4699656
 5393.00 0.4658726
 5394.40 0.4689423
 5395.80 0.4781514
 5397.20 0.4807095
 5398.60 0.4643378
 5400.00 0.4561519
 5401.40 0.4551287
 5402.80 0.4489893
 5404.20 0.4515474
 5405.60 0.4566635
 5407.00 0.4525706
 5408.40 0.4464312
 5409.80 0.4459196
 5411.20 0.4454080
 5412.60 0.4459196
 5414.00 0.4530822
 5415.40 0.4556403
 5416.80 0.4551287
 5418.20 0.4505242
 5419.60 0.4387570
 5421.00 0.4305711
 5422.40 0.4418266
 5423.80 0.4633145
 5425.20 0.4658726
 5426.60 0.4489893
 5428.00 0.4336408
 5429.40 0.4346640
 5430.80 0.4474544
 5432.20 0.4535938
 5433.60 0.4541054
 5435.00 0.4561519
 5436.40 0.4592216
 5437.80 0.4561519
 5439.20 0.4525706
 5440.60 0.4546171
 5442.00 0.4581984
 5443.40 0.4622913
 5444.80 0.4622913
 5446.20 0.4571751
 5447.60 0.4541054
 5449.00 0.4397802
 5450.40 0.4269898
 5451.80 0.4305711
 5453.20 0.4510358
 5454.60 0.4566635
 5456.00 0.4551287
 5457.40 0.4489893
 5458.80 0.4356873
 5460.20 0.4356873
 5461.60 0.4428499
 5463.00 0.4484777
 5464.40 0.4551287
 5465.80 0.4520590
 5467.20 0.4464312
 5468.60 0.4459196
 5470.00 0.4479661
 5471.40 0.4489893
 5472.80 0.4505242
 5474.20 0.4541054
 5475.60 0.4566635
 5477.00 0.4561519
 5478.40 0.4448963
 5479.80 0.4310827
 5481.20 0.4310827
 5482.60 0.4443847
 5484.00 0.4571751
 5485.40 0.4622913
 5486.80 0.4576868
 5488.20 0.4556403
 5489.60 0.4612681
 5491.00 0.4612681
 5492.40 0.4525706
 5493.80 0.4464312
 5495.20 0.4479661
 5496.60 0.4505242
 5498.00 0.4505242
 5499.40 0.4495009
 5500.80 0.4469428
 5502.20 0.4418266
 5503.60 0.4372221
 5505.00 0.4408034
 5506.40 0.4474544
 5507.80 0.4474544
 5509.20 0.4520590
 5510.60 0.4489893
 5512.00 0.4413151
 5513.40 0.4479661
 5514.80 0.4479661
 5516.20 0.4428499
 5517.60 0.4397802
 5519.00 0.4377337
 5520.40 0.4402918
 5521.80 0.4454080
 5523.20 0.4459196
 5524.60 0.4392686
 5526.00 0.4413151
 5527.40 0.4500125
 5528.80 0.4525706
 5530.20 0.4433615
 5531.60 0.4321059
 5533.00 0.4290363
 5534.40 0.4321059
 5535.80 0.4341524
 5537.20 0.4290363
 5538.60 0.4223852
 5540.00 0.4203388
 5541.40 0.4244317
 5542.80 0.4382454
 5544.20 0.4438731
 5545.60 0.4351756
 5547.00 0.4275014
 5548.40 0.4264782
 5549.80 0.4310827
 5551.20 0.4382454
 5552.60 0.4469428
 5554.00 0.4541054
 5555.40 0.4551287
 5556.80 0.4510358
 5558.20 0.4484777
 5559.60 0.4459196
 5561.00 0.4413151
 5562.40 0.4377337
 5563.80 0.4346640
 5565.20 0.4321059
 5566.60 0.4351756
 5568.00 0.4382454
 5569.40 0.4254549
 5570.80 0.4095948
 5572.20 0.4025857
 5573.60 0.4085716
 5575.00 0.4063205
 5576.40 0.4002834
 5577.80 0.4058600
 5579.20 0.4213620
 5580.60 0.4228968
 5582.00 0.4223852
 5583.40 0.4285247
 5584.80 0.4356873
 5586.20 0.4321059
 5587.60 0.4239201
 5589.00 0.4162459
 5590.40 0.4091855
 5591.80 0.4083670
 5593.20 0.4080088
 5594.60 0.4023810
 5596.00 0.3968556
 5597.40 0.4009485
 5598.80 0.4114878
 5600.20 0.4213620
 5601.60 0.4228968
 5603.00 0.4152226
 5604.40 0.4056554
 5605.80 0.4023299
 5607.20 0.4049903
 5608.60 0.4131761
 5610.00 0.4126645
 5611.40 0.4131761
 5612.80 0.4208504
 5614.20 0.4208504
 5615.60 0.4203388
 5617.00 0.4177807
 5618.40 0.4051949
 5619.80 0.3923534
 5621.20 0.3919441
 5622.60 0.4009485
 5624.00 0.4081111
 5625.40 0.4121017
 5626.80 0.4131761
 5628.20 0.4112832
 5629.60 0.4062693
 5631.00 0.4035578
 5632.40 0.4054507
 5633.80 0.4089809
 5635.20 0.4085716
 5636.60 0.4040694
 5638.00 0.3994137
 5639.40 0.3963952
 5640.80 0.3911255
 5642.20 0.3809955
 5643.60 0.3783351
 5645.00 0.3839117
 5646.40 0.3879023
 5647.80 0.3931720
 5649.20 0.3979300
 5650.60 0.4012555
 5652.00 0.4039159
 5653.40 0.4046833
 5654.80 0.4023299
 5656.20 0.4015625
 5657.60 0.3988509
 5659.00 0.3938882
 5660.40 0.3886186
 5661.80 0.3861628
 5663.20 0.3866744
 5664.60 0.3791537
 5666.00 0.3747026
 5667.40 0.3764421
 5668.80 0.3844745
 5670.20 0.3863163
 5671.60 0.3786421
 5673.00 0.3796653
 5674.40 0.3909720
 5675.80 0.4024322
 5677.20 0.4081623
 5678.60 0.4050415
 5680.00 0.3938882
 5681.40 0.3848326
 5682.80 0.3902557
 5684.20 0.3999764
 5685.60 0.4006416
 5687.00 0.3935812
 5688.40 0.3849861
 5689.80 0.3830931
 5691.20 0.3842187
 5692.60 0.3805862
 5694.00 0.3758282
 5695.40 0.3733724
 5696.80 0.3761863
 5698.20 0.3850373
 5699.60 0.3943999
 5701.00 0.3994648
 5702.40 0.3959347
 5703.80 0.3875442
 5705.20 0.3843722
 5706.60 0.3885163
 5708.00 0.3914325
 5709.40 0.3843210
 5710.80 0.3693306
 5712.20 0.3663633
 5713.60 0.3736794
 5715.00 0.3731166
 5716.40 0.3705585
 5717.80 0.3717864
 5719.20 0.3783351
 5720.60 0.3842698
 5722.00 0.3815583
 5723.40 0.3826838
 5724.80 0.3889256
 5726.20 0.3948603
 5727.60 0.3922510
 5729.00 0.3845768
 5730.40 0.3784886
 5731.80 0.3807908
 5733.20 0.3864698
 5734.60 0.3872372
 5736.00 0.3892837
 5737.40 0.3906650
 5738.80 0.3880047
 5740.20 0.3803815
 5741.60 0.3744979
 5743.00 0.3721957
 5744.40 0.3732701
 5745.80 0.3749584
 5747.20 0.3734747
 5748.60 0.3715817
 5750.00 0.3706608
 5751.40 0.3698934
 5752.80 0.3712748
 5754.20 0.3762375
 5755.60 0.3805350
 5757.00 0.3770560
 5758.40 0.3740887
 5759.80 0.3810467
 5761.20 0.3876465
 5762.60 0.3821722
 5764.00 0.3714795
 5765.40 0.3667726
 5766.80 0.3667726
 5768.20 0.3685632
 5769.60 0.3719910
 5771.00 0.3727073
 5772.40 0.3689214
 5773.80 0.3709678
 5775.20 0.3807908
 5776.60 0.3861628
 5778.00 0.3867256
 5779.40 0.3894372
 5780.80 0.3926092
 5782.20 0.3903069
 5783.60 0.3845768
 5785.00 0.3736282
 5786.40 0.3692795
 5787.80 0.3720422
 5789.20 0.3737305
 5790.60 0.3743445
 5792.00 0.3769537
 5793.40 0.3772095
 5794.80 0.3736282
 5796.20 0.3720934
 5797.60 0.3683586
 5799.00 0.3695353
 5800.40 0.3725026
 5801.80 0.3677446
 5803.20 0.3621680
 5804.60 0.3589448
 5806.00 0.3596099
 5807.40 0.3651354
 5808.80 0.3735770
 5810.20 0.3800746
 5811.60 0.3819676
 5813.00 0.3751631
 5814.40 0.3671818
 5815.80 0.3679493
 5817.20 0.3784886
 5818.60 0.3852931
 5820.00 0.3803304
 5821.40 0.3710701
 5822.80 0.3703027
 5824.20 0.3749584
 5825.60 0.3677446
 5827.00 0.3561309
 5828.40 0.3544938
 5829.80 0.3545449
 5831.20 0.3510148
 5832.60 0.3493776
 5834.00 0.3526008
 5835.40 0.3565914
 5836.80 0.3542380
 5838.20 0.3545961
 5839.60 0.3627820
 5841.00 0.3666702
 5842.40 0.3632424
 5843.80 0.3634982
 5845.20 0.3734235
 5846.60 0.3727585
 5848.00 0.3628331
 5849.40 0.3603262
 5850.80 0.3674377
 5852.20 0.3737305
 5853.60 0.3736794
 5855.00 0.3718376
 5856.40 0.3614518
 5857.80 0.3574100
 5859.20 0.3608378
 5860.60 0.3495311
 5862.00 0.3407313
 5863.40 0.3465126
 5864.80 0.3592518
 5866.20 0.3580239
 5867.60 0.3555682
 5869.00 0.3559263
 5870.40 0.3589448
 5871.80 0.3656982
 5873.20 0.3680005
 5874.60 0.3620145
 5876.00 0.3597123
 5877.40 0.3576146
 5878.80 0.3615029
 5880.20 0.3645726
 5881.60 0.3595588
 5883.00 0.3473823
 5884.40 0.3448242
 5885.80 0.3507590
 5887.20 0.3543915
 5888.60 0.3535729
 5890.00 0.3476381
 5891.40 0.3277874
 5892.80 0.3017973
 5894.20 0.2965276
 5895.60 0.3177597
 5897.00 0.3323920
 5898.40 0.3236433
 5899.80 0.3150482
 5901.20 0.3241038
 5902.60 0.3382244
 5904.00 0.3419592
 5905.40 0.3468195
 5906.80 0.3538798
 5908.20 0.3591495
 5909.60 0.3691771
 5911.00 0.3676935
 5912.40 0.3569495
 5913.80 0.3561309
 5915.20 0.3624750
 5916.60 0.3646238
 5918.00 0.3557216
 5919.40 0.3479963
 5920.80 0.3500939
 5922.20 0.3508101
 5923.60 0.3549542
 5925.00 0.3474335
 5926.40 0.3386848
 5927.80 0.3431359
 5929.20 0.3455405
 5930.60 0.3444149
 5932.00 0.3505543
 5933.40 0.3549542
 5934.80 0.3511171
 5936.20 0.3570519
 5937.60 0.3593030
 5939.00 0.3567961
 5940.40 0.3497869
 5941.80 0.3394523
 5943.20 0.3312664
 5944.60 0.3375593
 5946.00 0.3322896
 5947.40 0.3314199
 5948.80 0.3303967
 5950.20 0.3223643
 5951.60 0.3198574
 5953.00 0.3288106
 5954.40 0.3401174
 5955.80 0.3396057
 5957.20 0.3340803
 5958.60 0.3349500
 5960.00 0.3423173
 5961.40 0.3392476
 5962.80 0.3295269
 5964.20 0.3250247
 5965.60 0.3239503
 5967.00 0.3274293
 5968.40 0.3330059
 5969.80 0.3357175
 5971.20 0.3351547
 5972.60 0.3340803
 5974.00 0.3346942
 5975.40 0.3390941
 5976.80 0.3389406
 5978.20 0.3287083
 5979.60 0.3203178
 5981.00 0.3215969
 5982.40 0.3304478
 5983.80 0.3356663
 5985.20 0.3329036
 5986.60 0.3325966
 5988.00 0.3293734
 5989.40 0.3192434
 5990.80 0.3137180
 5992.20 0.3180155
 5993.60 0.3228247
 5995.00 0.3208806
 5996.40 0.3223131
 5997.80 0.3292711
 5999.20 0.3276851
 6000.60 0.3159691
 6002.00 0.3239503
 6003.40 0.3266107
 6004.80 0.3271223
 6006.20 0.3310617
 6007.60 0.3282479
 6009.00 0.3316245
 6010.40 0.3318292
 6011.80 0.3298339
 6013.20 0.3254340
 6014.60 0.3243596
 6016.00 0.3292711
 6017.40 0.3223131
 6018.80 0.3186806
 6020.20 0.3155598
 6021.60 0.3138715
 6023.00 0.3164295
 6024.40 0.3112110
 6025.80 0.3110576
 6027.20 0.3139738
 6028.60 0.3102901
 6030.00 0.3117738
 6031.40 0.3253828
 6032.80 0.3295781
 6034.20 0.3258433
 6035.60 0.3259456
 6037.00 0.3264572
 6038.40 0.3249223
 6039.80 0.3212387
 6041.20 0.3123878
 6042.60 0.3106994
 6044.00 0.3158156
 6045.40 0.3165830
 6046.80 0.3165830
 6048.20 0.3133598
 6049.60 0.3218527
 6051.00 0.3194992
 6052.40 0.3152528
 6053.80 0.3121831
 6055.20 0.3126436
 6056.60 0.3185271
 6058.00 0.3238480
 6059.40 0.3236433
 6060.80 0.3214945
 6062.20 0.3203178
 6063.60 0.3220573
 6065.00 0.3260479
 6066.40 0.3200108
 6067.80 0.3187318
 6069.20 0.3203690
 6070.60 0.3210852
 6072.00 0.3203690
 6073.40 0.3160202
 6074.80 0.3126947
 6076.20 0.3082437
 6077.60 0.3058902
 6079.00 0.3083460
 6080.40 0.3082948
 6081.80 0.3109552
 6083.20 0.3121320
 6084.60 0.3101878
 6086.00 0.3068623
 6087.40 0.3060949
 6088.80 0.2964253
 6090.20 0.2922812
 6091.60 0.2991881
 6093.00 0.3060949
 6094.40 0.3089088
 6095.80 0.3102390
 6097.20 0.3084995
 6098.60 0.3032810
 6100.00 0.3006206
 6101.40 0.3012857
 6102.80 0.3023601
 6104.20 0.3049693
 6105.60 0.3118761
 6107.00 0.3165830
 6108.40 0.3146389
 6109.80 0.3111599
 6111.20 0.3100343
 6112.60 0.3070669
 6114.00 0.3006206
 6115.40 0.3066065
 6116.80 0.3077832
 6118.20 0.3058391
 6119.60 0.3008764
 6121.00 0.2917696
 6122.40 0.2878813
 6123.80 0.2970904
 6125.20 0.2974486
 6126.60 0.2995974
 6128.00 0.3016438
 6129.40 0.2997508
 6130.80 0.2954533
 6132.20 0.3028205
 6133.60 0.3000066
 6135.00 0.2912068
 6136.40 0.2877790
 6137.80 0.2939184
 6139.20 0.2892116
 6140.60 0.2872162
 6142.00 0.2946347
 6143.40 0.2976020
 6144.80 0.2937649
 6146.20 0.2940207
 6147.60 0.2971416
 6149.00 0.3055321
 6150.40 0.3089599
 6151.80 0.3052763
 6153.20 0.2996485
 6154.60 0.2940207
 6156.00 0.3015415
 6157.40 0.3057368
 6158.80 0.3000066
 6160.20 0.2986764
 6161.60 0.2967323
 6163.00 0.2960672
 6164.40 0.2988811
 6165.80 0.3016438
 6167.20 0.2999043
 6168.60 0.2943789
 6170.00 0.2895185
 6171.40 0.2917696
 6172.80 0.2930487
 6174.20 0.2893139
 6175.60 0.2847605
 6177.00 0.2873186
 6178.40 0.2924347
 6179.80 0.2895185
 6181.20 0.2856302
 6182.60 0.2866535
 6184.00 0.2912068
 6185.40 0.2884441
 6186.80 0.2904394
 6188.20 0.2898255
 6189.60 0.2877790
 6191.00 0.2903371
 6192.40 0.2957091
 6193.80 0.2989323
 6195.20 0.2920254
 6196.60 0.2861930
 6198.00 0.2841977
 6199.40 0.2872162
 6200.80 0.2930487
 6202.20 0.2911557
 6203.60 0.2893139
 6205.00 0.2932021
 6206.40 0.2948905
 6207.80 0.2946858
 6209.20 0.2929975
 6210.60 0.2959137
 6212.00 0.2928952
 6213.40 0.2894162
 6214.80 0.2906441
 6216.20 0.2895697
 6217.60 0.2879325
 6219.00 0.2883418
 6220.40 0.2913092
 6221.80 0.2947370
 6223.20 0.2934580
 6224.60 0.2881883
 6226.00 0.2836861
 6227.40 0.2805141
 6228.80 0.2752444
 6230.20 0.2688492
 6231.60 0.2737607
 6233.00 0.2823559
 6234.40 0.2899790
 6235.80 0.2886488
 6237.20 0.2811280
 6238.60 0.2805141
 6240.00 0.2857837
 6241.40 0.2881372
 6242.80 0.2821001
 6244.20 0.2739142
 6245.60 0.2690027
 6247.00 0.2635284
 6248.40 0.2695655
 6249.80 0.2814861
 6251.20 0.2867558
 6252.60 0.2857837
 6254.00 0.2817931
 6255.40 0.2831745
 6256.80 0.2743747
 6258.20 0.2762165
 6259.60 0.2767281
 6261.00 0.2706399
 6262.40 0.2574402
 6263.80 0.2366686
 6265.20 0.2461846
 6266.60 0.2652167
 6268.00 0.2733003
 6269.40 0.2716631
 6270.80 0.2660353
 6272.20 0.2672632
 6273.60 0.2770351
 6275.00 0.2843000
 6276.40 0.2804629
 6277.80 0.2706399
 6279.20 0.2630680
 6280.60 0.2582588
 6282.00 0.2541147
 6283.40 0.2509426
 6284.80 0.2530914
 6286.20 0.2603564
 6287.60 0.2657284
 6289.00 0.2715608
 6290.40 0.2736072
 6291.80 0.2693608
 6293.20 0.2728398
 6294.60 0.2730445
 6296.00 0.2723282
 6297.40 0.2681841
 6298.80 0.2626587
 6300.20 0.2662400
 6301.60 0.2653191
 6303.00 0.2662400
 6304.40 0.2652167
 6305.80 0.2645005
 6307.20 0.2674679
 6308.60 0.2722259
 6310.00 0.2677236
 6311.40 0.2647563
 6312.80 0.2648074
 6314.20 0.2667004
 6315.60 0.2745793
 6317.00 0.2781095
 6318.40 0.2715096
 6319.80 0.2642447
 6321.20 0.2628122
 6322.60 0.2656772
 6324.00 0.2691562
 6325.40 0.2714585
 6326.80 0.2732491
 6328.20 0.2717143
 6329.60 0.2669562
 6331.00 0.2615843
 6332.40 0.2605610
 6333.80 0.2660865
 6335.20 0.2673655
 6336.60 0.2635796
 6338.00 0.2630168
 6339.40 0.2644493
 6340.80 0.2646540
 6342.20 0.2643982
 6343.60 0.2646540
 6345.00 0.2630168
 6346.40 0.2614819
 6347.80 0.2619424
 6349.20 0.2641423
 6350.60 0.2669051
 6352.00 0.2668539
 6353.40 0.2686446
 6354.80 0.2706910
 6356.20 0.2738119
 6357.60 0.2786211
 6359.00 0.2761142
 6360.40 0.2788769
 6361.80 0.2771886
 6363.20 0.2679283
 6364.60 0.2582076
 6366.00 0.2573379
 6367.40 0.2630168
 6368.80 0.2614819
 6370.20 0.2581053
 6371.60 0.2590774
 6373.00 0.2645517
 6374.40 0.2686446
 6375.80 0.2684911
 6377.20 0.2646028
 6378.60 0.2558542
 6380.00 0.2443428
 6381.40 0.2449567
 6382.80 0.2489473
 6384.20 0.2548309
 6385.60 0.2619424
 6387.00 0.2646540
 6388.40 0.2648586
 6389.80 0.2695143
 6391.20 0.2715608
 6392.60 0.2670586
 6394.00 0.2625052
 6395.40 0.2680818
 6396.80 0.2731468
 6398.20 0.2715608
 6399.60 0.2688492
 6401.00 0.2626587
 6402.40 0.2552402
 6403.80 0.2553937
 6405.20 0.2614308
 6406.60 0.2634773
 6408.00 0.2657795
 6409.40 0.2637331
 6410.80 0.2581564
 6412.20 0.2552402
 6413.60 0.2558542
 6415.00 0.2492031
 6416.40 0.2407103
 6417.80 0.2398918
 6419.20 0.2488450
 6420.60 0.2519659
 6422.00 0.2558542
 6423.40 0.2554449
 6424.80 0.2548309
 6426.20 0.2563658
 6427.60 0.2593332
 6429.00 0.2613285
 6430.40 0.2592308
 6431.80 0.2541658
 6433.20 0.2513008
 6434.60 0.2591797
 6436.00 0.2662400
 6437.40 0.2649098
 6438.80 0.2579518
 6440.20 0.2504310
 6441.60 0.2444451
 6443.00 0.2442405
 6444.40 0.2492031
 6445.80 0.2499706
 6447.20 0.2463893
 6448.60 0.2465427
 6450.00 0.2506357
 6451.40 0.2536030
 6452.80 0.2535519
 6454.20 0.2499194
 6455.60 0.2441893
 6457.00 0.2426545
 6458.40 0.2472590
 6459.80 0.2484357
 6461.20 0.2456730
 6462.60 0.2432684
 6464.00 0.2404545
 6465.40 0.2408127
 6466.80 0.2440870
 6468.20 0.2455707
 6469.60 0.2440870
 6471.00 0.2484357
 6472.40 0.2521194
 6473.80 0.2519659
 6475.20 0.2465427
 6476.60 0.2482311
 6478.00 0.2489985
 6479.40 0.2466451
 6480.80 0.2464404
 6482.20 0.2430637
 6483.60 0.2387150
 6485.00 0.2346733
 6486.40 0.2393290
 6487.80 0.2515054
 6489.20 0.2430637
 6490.60 0.2345709
 6492.00 0.2263851
 6493.40 0.2223433
 6494.80 0.2212177
 6496.20 0.2251060
 6497.60 0.2328826
 6499.00 0.2390220
 6500.40 0.2417847
 6501.80 0.2509938
 6503.20 0.2476171
 6504.60 0.2430126
 6506.00 0.2467474
 6507.40 0.2576448
 6508.80 0.2570309
 6510.20 0.2520682
 6511.60 0.2489473
 6513.00 0.2439847
 6514.40 0.2374360
 6515.80 0.2393801
 6517.20 0.2468497
 6518.60 0.2523240
 6520.00 0.2590262
 6521.40 0.2602029
 6522.80 0.2540635
 6524.20 0.2477195
 6525.60 0.2427056
 6527.00 0.2393290
 6528.40 0.2370267
 6529.80 0.2351849
 6531.20 0.2343663
 6532.60 0.2334965
 6534.00 0.2323198
 6535.40 0.2292501
 6536.80 0.2297106
 6538.20 0.2286362
 6539.60 0.2254642
 6541.00 0.2212689
 6542.40 0.2194271
 6543.80 0.2147714
 6545.20 0.2120087
 6546.60 0.2087855
 6548.00 0.2046414
 6549.40 0.2016228
 6550.80 0.1953300
 6552.20 0.1857116
 6553.60 0.1729212
 6555.00 0.1627400
 6556.40 0.1482613
 6557.80 0.1312756
 6559.20 0.1135737
 6560.60 0.0946439
 6562.00 0.0909091
 6563.40 0.1016530
 6564.80 0.1189968
 6566.20 0.1359825
 6567.60 0.1475962
 6569.00 0.1590052
 6570.40 0.1705166
 6571.80 0.1782932
 6573.20 0.1878604
 6574.60 0.1928742
 6576.00 0.1988090
 6577.40 0.2098087
 6578.80 0.2143109
 6580.20 0.2133389
 6581.60 0.2152319
 6583.00 0.2204503
 6584.40 0.2240316
 6585.80 0.2253618
 6587.20 0.2248502
 6588.60 0.2243386
 6590.00 0.2240316
 6591.40 0.2263339
 6592.80 0.2301710
 6594.20 0.2279199
 6595.60 0.2271525
 6597.00 0.2318594
 6598.40 0.2390732
 6599.80 0.2379988
 6601.20 0.2382034
 6602.60 0.2393801
 6604.00 0.2394313
 6605.40 0.2327803
 6606.80 0.2269478
 6608.20 0.2292501
 6609.60 0.2350825
 6611.00 0.2396871
 6612.40 0.2386638
 6613.80 0.2308361
 6615.20 0.2265386
 6616.60 0.2311943
 6618.00 0.2306826
 6619.40 0.2328314
 6620.80 0.2338547
 6622.20 0.2360034
 6623.60 0.2337012
 6625.00 0.2322175
 6626.40 0.2364128
 6627.80 0.2423987
 6629.20 0.2369244
 6630.60 0.2248502
 6632.00 0.2252084
 6633.40 0.2339058
 6634.80 0.2408127
 6636.20 0.2397894
 6637.60 0.2368220
 6639.00 0.2368732
 6640.40 0.2342128
 6641.80 0.2289943
 6643.20 0.2279711
 6644.60 0.2301199
 6646.00 0.2277153
 6647.40 0.2272548
 6648.80 0.2282269
 6650.20 0.2263851
 6651.60 0.2277664
 6653.00 0.2311943
 6654.40 0.2342128
 6655.80 0.2304268
 6657.20 0.2277664
 6658.60 0.2250037
 6660.00 0.2229572
 6661.40 0.2225991
 6662.80 0.2249526
 6664.20 0.2282781
 6665.60 0.2348267
 6667.00 0.2372825
 6668.40 0.2352872
 6669.80 0.2315012
 6671.20 0.2275618
 6672.60 0.2268967
 6674.00 0.2225991
 6675.40 0.2197341
 6676.80 0.2199387
 6678.20 0.2216270
 6679.60 0.2239293
 6681.00 0.2217294
 6682.40 0.2188132
 6683.80 0.2215247
 6685.20 0.2227014
 6686.60 0.2220363
 6688.00 0.2226503
 6689.40 0.2256176
 6690.80 0.2283292
 6692.20 0.2272548
 6693.60 0.2253107
 6695.00 0.2268455
 6696.40 0.2269478
 6697.80 0.2258223
 6699.20 0.2264874
 6700.60 0.2267432
 6702.00 0.2266921
 6703.40 0.2257200
 6704.80 0.2240828
 6706.20 0.2246967
 6707.60 0.2281757
 6709.00 0.2290966
 6710.40 0.2245432
 6711.80 0.2231107
 6713.20 0.2210131
 6714.60 0.2159993
 6716.00 0.2106785
 6717.40 0.2135947
 6718.80 0.2149760
 6720.20 0.2139016
 6721.60 0.2156411
 6723.00 0.2190178
 6724.40 0.2216270
 6725.80 0.2234689
 6727.20 0.2209108
 6728.60 0.2187108
 6730.00 0.2159481
 6731.40 0.2164086
 6732.80 0.2212689
 6734.20 0.2225991
 6735.60 0.2232131
 6737.00 0.2218317
 6738.40 0.2144644
 6739.80 0.2103715
 6741.20 0.2103715
 6742.60 0.2122133
 6744.00 0.2154876
 6745.40 0.2240828
 6746.80 0.2274595
 6748.20 0.2227014
 6749.60 0.2139528
 6751.00 0.2124691
 6752.40 0.2127249
 6753.80 0.2101157
 6755.20 0.2079157
 6756.60 0.2057669
 6758.00 0.2076599
 6759.40 0.2122645
 6760.80 0.2154365
 6762.20 0.2195294
 6763.60 0.2234177
 6765.00 0.2219852
 6766.40 0.2158458
 6767.80 0.2100645
 6769.20 0.2096552
 6770.60 0.2131342
 6772.00 0.2120598
 6773.40 0.2099110
 6774.80 0.2092971
 6776.20 0.2112924
 6777.60 0.2107808
 6779.00 0.2046926
 6780.40 0.1959951
 6781.80 0.1992694
 6783.20 0.2022879
 6784.60 0.2054600
 6786.00 0.2083762
 6787.40 0.2113947
 6788.80 0.2096552
 6790.20 0.2057669
 6791.60 0.2012647
 6793.00 0.2015205
 6794.40 0.2060739
 6795.80 0.2079157
 6797.20 0.2078134
 6798.60 0.2066367
 6800.00 0.2064832
 6801.40 0.2066367
 6802.80 0.2077622
 6804.20 0.2121621
 6805.60 0.2137482
 6807.00 0.2122645
 6808.40 0.2106785
 6809.80 0.2069948
 6811.20 0.2070971
 6812.60 0.2098087
 6814.00 0.2117017
 6815.40 0.2133900
 6816.80 0.2109854
 6818.20 0.2092459
 6819.60 0.2096552
 6821.00 0.2070460
 6822.40 0.2064832
 6823.80 0.2053576
 6825.20 0.2000880
 6826.60 0.1973764
 6828.00 0.1978881
 6829.40 0.2017763
 6830.80 0.2064321
 6832.20 0.2102692
 6833.60 0.2081204
 6835.00 0.2039763
 6836.40 0.2070460
 6837.80 0.2092459
 6839.20 0.2087855
 6840.60 0.2053576
 6842.00 0.2038740
 6843.40 0.2030554
 6844.80 0.2033112
 6846.20 0.2035158
 6847.60 0.2024926
 6849.00 0.2053576
 6850.40 0.2050507
 6851.80 0.2043856
 6853.20 0.2070460
 6854.60 0.2043344
 6856.00 0.1989624
 6857.40 0.1950230
 6858.80 0.1934370
 6860.20 0.2009577
 6861.60 0.1990136
 6863.00 0.1943067
 6864.40 0.1918510
 6865.80 0.1780373
 6867.20 0.1484148
 6868.60 0.1243688
 6870.00 0.1145458
 6871.40 0.1168480
 6872.80 0.1167969
 6874.20 0.1193038
 6875.60 0.1311733
 6877.00 0.1444753
 6878.40 0.1578797
 6879.80 0.1711305
 6881.20 0.1805954
 6882.60 0.1851488
 6884.00 0.1794187
 6885.40 0.1672934
 6886.80 0.1626377
 6888.20 0.1620237
 6889.60 0.1638144
 6891.00 0.1641214
 6892.40 0.1634563
 6893.80 0.1670376
 6895.20 0.1693910
 6896.60 0.1697492
 6898.00 0.1732793
 6899.40 0.1683678
 6900.80 0.1676004
 6902.20 0.1731258
 6903.60 0.1725630
 6905.00 0.1755816
 6906.40 0.1814140
 6907.80 0.1868371
 6909.20 0.1857627
 6910.60 0.1888836
 6912.00 0.1864790
 6913.40 0.1820279
 6914.80 0.1786001
 6916.20 0.1834093
 6917.60 0.1816698
 6919.00 0.1835116
 6920.40 0.1932835
 6921.80 0.1983997
 6923.20 0.1946137
 6924.60 0.1895487
 6926.00 0.1852000
 6927.40 0.1832558
 6928.80 0.1780373
 6930.20 0.1769118
 6931.60 0.1820791
 6933.00 0.1873999
 6934.40 0.1896510
 6935.80 0.1861720
 6937.20 0.1816698
 6938.60 0.1799303
 6940.00 0.1748653
 6941.40 0.1735863
 6942.80 0.1795722
 6944.20 0.1822837
 6945.60 0.1818745
 6947.00 0.1789582
 6948.40 0.1786513
 6949.80 0.1834605
 6951.20 0.1870930
 6952.60 0.1884743
 6954.00 0.1872976
 6955.40 0.1843814
 6956.80 0.1814652
 6958.20 0.1833581
 6959.60 0.1870418
 6961.00 0.1805954
 6962.40 0.1861720
 6963.80 0.1909301
 6965.20 0.1946137
 6966.60 0.1972229
 6968.00 0.1948183
 6969.40 0.1910835
 6970.80 0.1906743
 6972.20 0.1952788
 6973.60 0.1947672
 6975.00 0.1911347
 6976.40 0.1907766
 6977.80 0.1928230
 6979.20 0.1891394
 6980.60 0.1826419
 6982.00 0.1823349
 6983.40 0.1865302
 6984.80 0.1891906
 6986.20 0.1874511
 6987.60 0.1856604
 6989.00 0.1885766
 6990.40 0.1932835
 6991.80 0.1948695
 6993.20 0.1931812
 6994.60 0.1909301
 6996.00 0.1891906
 6997.40 0.1848930
 6998.80 0.1810559
 7000.20 0.1801861
 7001.60 0.1803908
 7003.00 0.1816186
 7004.40 0.1825396
 7005.80 0.1855069
 7007.20 0.1883720
 7008.60 0.1876557
 7010.00 0.1872464
 7011.40 0.1832558
 7012.80 0.1768606
 7014.20 0.1715398
 7015.60 0.1687771
 7017.00 0.1718468
 7018.40 0.1759397
 7019.80 0.1789071
 7021.20 0.1859674
 7022.60 0.1842279
 7024.00 0.1807489
 7025.40 0.1783955
 7026.80 0.1732282
 7028.20 0.1765025
 7029.60 0.1784978
 7031.00 0.1804931
 7032.40 0.1791117
 7033.80 0.1742002
 7035.20 0.1758374
 7036.60 0.1819256
 7038.00 0.1895999
 7039.40 0.1893952
 7040.80 0.1864278
 7042.20 0.1836140
 7043.60 0.1838186
 7045.00 0.1811582
 7046.40 0.1766560
 7047.80 0.1776792
 7049.20 0.1819256
 7050.60 0.1859674
 7052.00 0.1864278
 7053.40 0.1808512
 7054.80 0.1742002
 7056.20 0.1699026
 7057.60 0.1696980
 7059.00 0.1734328
 7060.40 0.1802373
 7061.80 0.1825396
 7063.20 0.1826931
 7064.60 0.1886278
 7066.00 0.1858651
 7067.40 0.1815163
 7068.80 0.1837163
 7070.20 0.1789582
 7071.60 0.1781397
 7073.00 0.1796745
 7074.40 0.1817210
 7075.80 0.1774746
 7077.20 0.1788048
 7078.60 0.1752746
 7080.00 0.1712329
 7081.40 0.1727165
 7082.80 0.1782420
 7084.20 0.1811582
 7085.60 0.1823349
 7087.00 0.1796233
 7088.40 0.1722561
 7089.80 0.1680608
 7091.20 0.1663213
 7092.60 0.1704654
 7094.00 0.1749165
 7095.40 0.1743025
 7096.80 0.1772187
 7098.20 0.1771676
 7099.60 0.1807489
 7101.00 0.1863767
 7102.40 0.1894975
 7103.80 0.1912370
 7105.20 0.1876557
 7106.60 0.1827954
 7108.00 0.1801350
 7109.40 0.1826419
 7110.80 0.1803396
 7112.20 0.1808001
 7113.60 0.1886790
 7115.00 0.1929765
 7116.40 0.1904184
 7117.80 0.1804931
 7119.20 0.1754793
 7120.60 0.1769118
 7122.00 0.1736886
 7123.40 0.1711305
 7124.80 0.1736374
 7126.20 0.1771676
 7127.60 0.1744560
 7129.00 0.1723072
 7130.40 0.1788559
 7131.80 0.1818233
 7133.20 0.1760932
 7134.60 0.1688283
 7136.00 0.1694422
 7137.40 0.1779350
 7138.80 0.1746607
 7140.20 0.1702096
 7141.60 0.1790094
 7143.00 0.1866325
 7144.40 0.1819768
 7145.80 0.1754281
 7147.20 0.1638144
 7148.60 0.1671399
 7150.00 0.1711305
 7151.40 0.1737398
 7152.80 0.1745072
 7154.20 0.1783955
 7155.60 0.1754793
 7157.00 0.1711817
 7158.40 0.1727165
 7159.80 0.1682655
 7161.20 0.1651958
 7162.60 0.1703631
 7164.00 0.1710794
 7165.40 0.1700561
 7166.80 0.1655539
 7168.20 0.1620749
 7169.60 0.1634563
 7171.00 0.1641214
 7172.40 0.1598238
 7173.80 0.1559867
 7175.20 0.1485683
 7176.60 0.1400754
 7178.00 0.1442195
 7179.40 0.1531728
 7180.80 0.1525588
 7182.20 0.1496426
 7183.60 0.1475962
 7185.00 0.1420707
 7186.40 0.1428893
 7187.80 0.1509728
 7189.20 0.1566518
 7190.60 0.1551681
 7192.00 0.1478008
 7193.40 0.1443730
 7194.80 0.1500008
 7196.20 0.1467776
 7197.60 0.1440149
 7199.00 0.1399219
 7200.40 0.1432986
 7201.80 0.1514333
 7203.20 0.1475450
 7204.60 0.1462660
 7206.00 0.1485171
 7207.40 0.1509217
 7208.80 0.1574704
 7210.20 0.1606424
 7211.60 0.1671911
 7213.00 0.1707724
 7214.40 0.1777815
 7215.80 0.1806977
 7217.20 0.1820791
 7218.60 0.1837163
 7220.00 0.1806466
 7221.40 0.1722561
 7222.80 0.1605401
 7224.20 0.1529682
 7225.60 0.1545542
 7227.00 0.1579308
 7228.40 0.1585959
 7229.80 0.1544518
 7231.20 0.1438102
 7232.60 0.1403824
 7234.00 0.1471357
 7235.40 0.1570099
 7236.80 0.1627400
 7238.20 0.1548100
 7239.60 0.1420707
 7241.00 0.1361360
 7242.40 0.1390010
 7243.80 0.1467264
 7245.20 0.1503077
 7246.60 0.1538891
 7248.00 0.1586982
 7249.40 0.1548100
 7250.80 0.1443218
 7252.20 0.1405870
 7253.60 0.1475962
 7255.00 0.1501031
 7256.40 0.1465218
 7257.80 0.1501543
 7259.20 0.1559355
 7260.60 0.1541960
 7262.00 0.1461125
 7263.40 0.1374150
 7264.80 0.1412010
 7266.20 0.1426847
 7267.60 0.1532239
 7269.00 0.1606936
 7270.40 0.1590052
 7271.80 0.1506659
 7273.20 0.1451916
 7274.60 0.1372615
 7276.00 0.1354709
 7277.40 0.1415591
 7278.80 0.1527635
 7280.20 0.1697492
 7281.60 0.1699026
 7283.00 0.1641214
 7284.40 0.1641725
 7285.80 0.1635074
 7287.20 0.1521496
 7288.60 0.1455497
 7290.00 0.1451916
 7291.40 0.1459590
 7292.80 0.1459078
 7294.20 0.1446800
 7295.60 0.1519449
 7297.00 0.1553727
 7298.40 0.1525077
 7299.80 0.1482613
 7301.20 0.1400754
 7302.60 0.1371080
 7304.00 0.1400754
 7305.40 0.1458055
 7306.80 0.1450381
 7308.20 0.1389499
 7309.60 0.1421219
 7311.00 0.1441172
 7312.40 0.1457032
 7313.80 0.1575215
 7315.20 0.1608470
 7316.60 0.1590052
 7318.00 0.1556286
 7319.40 0.1540425
 7320.80 0.1517403
 7322.20 0.1436056
 7323.60 0.1373127
 7325.00 0.1401777
 7326.40 0.1553727
 7327.80 0.1662190
 7329.20 0.1538379
 7330.60 0.1466753
 7332.00 0.1438102
 7333.40 0.1458055
 7334.80 0.1443218
 7336.20 0.1451916
 7337.60 0.1497961
 7339.00 0.1519449
 7340.40 0.1498473
 7341.80 0.1420195
 7343.20 0.1390010
 7344.60 0.1501031
 7346.00 0.1562937
 7347.40 0.1555262
 7348.80 0.1566518
 7350.20 0.1607447
 7351.60 0.1623819
 7353.00 0.1585959
 7354.40 0.1570611
 7355.80 0.1580843
 7357.20 0.1595168
 7358.60 0.1592099
 7360.00 0.1542983
 7361.40 0.1508193
 7362.80 0.1500008
 7364.20 0.1480055
 7365.60 0.1436056
 7367.00 0.1406382
 7368.40 0.1420195
 7369.80 0.1423777
 7371.20 0.1465218
 7372.60 0.1463683
 7374.00 0.1414056
 7375.40 0.1434521
 7376.80 0.1461125
 7378.20 0.1488240
 7379.60 0.1507170
 7381.00 0.1471869
 7382.40 0.1451404
 7383.80 0.1428893
 7385.20 0.1439637
 7386.60 0.1464194
 7388.00 0.1485683
 7389.40 0.1415079
 7390.80 0.1444753
 7392.20 0.1418149
 7393.60 0.1447823
 7395.00 0.1450381
 7396.40 0.1408940
 7397.80 0.1412010
 7399.20 0.1400242
 7400.60 0.1408940
 7402.00 0.1414056
 7403.40 0.1447311
 7404.80 0.1459590
 7406.20 0.1445776
 7407.60 0.1443730
 7409.00 0.1418661
 7410.40 0.1372615
 7411.80 0.1335779
 7413.20 0.1263641
 7414.60 0.1294850
 7416.00 0.1379266
 7417.40 0.1408428
 7418.80 0.1373127
 7420.20 0.1284106
 7421.60 0.1247269
 7423.00 0.1248293
 7424.40 0.1256990
 7425.80 0.1275408
 7427.20 0.1259036
