 3510.00 0.3338897
 3511.40 0.3329519
 3512.80 0.3308419
 3514.20 0.3367031
 3515.60 0.3562091
 3517.00 0.3674625
 3518.40 0.3393289
 3519.80 0.2962376
 3521.20 0.2845153
 3522.60 0.2764503
 3524.00 0.2637902
 3525.40 0.2856875
 3526.80 0.3144307
 3528.20 0.3228708
 3529.60 0.3538646
 3531.00 0.3791849
 3532.40 0.4134141
 3533.80 0.4373277
 3535.20 0.4349832
 3536.60 0.4171653
 3538.00 0.3876249
 3539.40 0.3538646
 3540.80 0.3580847
 3542.20 0.3801226
 3543.60 0.4077874
 3545.00 0.4279498
 3546.40 0.4317009
 3547.80 0.4209164
 3549.20 0.4307632
 3550.60 0.3979406
 3552.00 0.3829360
 3553.40 0.3744959
 3554.80 0.3566780
 3556.20 0.3329989
 3557.60 0.3566780
 3559.00 0.3679314
 3560.40 0.4157586
 3561.80 0.3993473
 3563.20 0.3430801
 3564.60 0.2948309
 3566.00 0.2709642
 3567.40 0.2721833
 3568.80 0.2544592
 3570.20 0.2719020
 3571.60 0.3046308
 3573.00 0.3375940
 3574.40 0.3599602
 3575.80 0.3529268
 3577.20 0.2908922
 3578.60 0.2556314
 3580.00 0.2357034
 3581.40 0.2327963
 3582.80 0.2334059
 3584.20 0.2194797
 3585.60 0.1962695
 3587.00 0.2446593
 3588.40 0.3162125
 3589.80 0.3482379
 3591.20 0.3632425
 3592.60 0.3815294
 3594.00 0.3862183
 3595.40 0.3955962
 3596.80 0.4082563
 3598.20 0.4077874
 3599.60 0.4049740
 3601.00 0.3932517
 3602.40 0.3702759
 3603.80 0.3458934
 3605.20 0.3496446
 3606.60 0.3331395
 3608.00 0.3152747
 3609.40 0.3141962
 3610.80 0.3267157
 3612.20 0.3397978
 3613.60 0.3543335
 3615.00 0.3468312
 3616.40 0.3130709
 3617.80 0.2935180
 3619.20 0.3007390
 3620.60 0.3269501
 3622.00 0.3594913
 3623.40 0.4134141
 3624.80 0.4443611
 3626.20 0.4579590
 3627.60 0.4457677
 3629.00 0.4077874
 3630.40 0.3458934
 3631.80 0.3156498
 3633.20 0.3192603
 3634.60 0.3333271
 3636.00 0.3599602
 3637.40 0.3890316
 3638.80 0.4073185
 3640.20 0.4223231
 3641.60 0.3984095
 3643.00 0.3684003
 3644.40 0.3505824
 3645.80 0.3412045
 3647.20 0.3402667
 3648.60 0.3524579
 3650.00 0.3623047
 3651.40 0.4035673
 3652.80 0.4429544
 3654.20 0.4579590
 3655.60 0.4659302
 3657.00 0.4814037
 3658.40 0.4893749
 3659.80 0.4870304
 3661.20 0.4809348
 3662.60 0.4767147
 3664.00 0.4785903
 3665.40 0.4818726
 3666.80 0.4799970
 3668.20 0.4682746
 3669.60 0.4668680
 3671.00 0.4645235
 3672.40 0.4654613
 3673.80 0.4903127
 3675.20 0.5029728
 3676.60 0.4598346
 3678.00 0.4082563
 3679.40 0.3918450
 3680.80 0.4026295
 3682.20 0.4307632
 3683.60 0.4382655
 3685.00 0.4115385
 3686.40 0.3834049
 3687.80 0.3744959
 3689.20 0.3974717
 3690.60 0.4396722
 3692.00 0.4715569
 3693.40 0.4814037
 3694.80 0.4729636
 3696.20 0.4809348
 3697.60 0.5104751
 3699.00 0.5231352
 3700.40 0.5132884
 3701.80 0.5025039
 3703.20 0.4621791
 3704.60 0.3955962
 3706.00 0.3632425
 3707.40 0.3651180
 3708.80 0.3819982
 3710.20 0.4218542
 3711.60 0.4917193
 3713.00 0.5428287
 3714.40 0.5507999
 3715.80 0.5372020
 3717.20 0.4964083
 3718.60 0.4152897
 3720.00 0.3449557
 3721.40 0.3385318
 3722.80 0.3712137
 3724.20 0.4317009
 3725.60 0.4659302
 3727.00 0.4612413
 3728.40 0.4523323
 3729.80 0.4256053
 3731.20 0.3805916
 3732.60 0.3280286
 3734.00 0.2712456
 3735.40 0.2403924
 3736.80 0.2803890
 3738.20 0.3524579
 3739.60 0.4232609
 3741.00 0.4720258
 3742.40 0.4748392
 3743.80 0.4171653
 3745.20 0.3377816
 3746.60 0.2995667
 3748.00 0.2802483
 3749.40 0.2867190
 3750.80 0.3385787
 3752.20 0.4293565
 3753.60 0.5071928
 3755.00 0.5353264
 3756.40 0.4992216
 3757.80 0.4293565
 3759.20 0.4035673
 3760.60 0.4392032
 3762.00 0.4621791
 3763.40 0.4678058
 3764.80 0.4504567
 3766.20 0.4340454
 3767.60 0.4434233
 3769.00 0.4649924
 3770.40 0.4823415
 3771.80 0.5189152
 3773.20 0.5573644
 3774.60 0.5756513
 3776.00 0.5878425
 3777.40 0.6211340
 3778.80 0.6511431
 3780.20 0.6605210
 3781.60 0.6530187
 3783.00 0.6473920
 3784.40 0.6445786
 3785.80 0.6075360
 3787.20 0.5592400
 3788.60 0.5353264
 3790.00 0.5362642
 3791.40 0.5301686
 3792.80 0.5104751
 3794.20 0.4767147
 3795.60 0.4467055
 3797.00 0.4134141
 3798.40 0.4246676
 3799.80 0.4879682
 3801.20 0.5536133
 3802.60 0.6112872
 3804.00 0.6619277
 3805.40 0.6698989
 3806.80 0.6558321
 3808.20 0.6670855
 3809.60 0.6872479
 3811.00 0.6572387
 3812.40 0.5958137
 3813.80 0.5250107
 3815.20 0.4818726
 3816.60 0.4649924
 3818.00 0.4607723
 3819.40 0.4246676
 3820.80 0.3993473
 3822.20 0.4054429
 3823.60 0.4077874
 3825.00 0.3651180
 3826.40 0.3260592
 3827.80 0.3209952
 3829.20 0.3137742
 3830.60 0.2986759
 3832.00 0.2750436
 3833.40 0.2681978
 3834.80 0.2829679
 3836.20 0.2853593
 3837.60 0.2837650
 3839.00 0.2956280
 3840.40 0.3477690
 3841.80 0.4190408
 3843.20 0.4823415
 3844.60 0.5325130
 3846.00 0.5690867
 3847.40 0.5981581
 3848.80 0.5887803
 3850.20 0.5672112
 3851.60 0.5573644
 3853.00 0.5568955
 3854.40 0.5343886
 3855.80 0.5067239
 3857.20 0.4696813
 3858.60 0.4387344
 3860.00 0.4335765
 3861.40 0.5001594
 3862.80 0.5704934
 3864.20 0.5869047
 3865.60 0.5714312
 3867.00 0.5597089
 3868.40 0.5625222
 3869.80 0.5386087
 3871.20 0.5020350
 3872.60 0.4954705
 3874.00 0.5325130
 3875.40 0.5451732
 3876.80 0.5118817
 3878.20 0.4804659
 3879.60 0.4762459
 3881.00 0.4809348
 3882.40 0.4837482
 3883.80 0.4734325
 3885.20 0.4429544
 3886.60 0.4045051
 3888.00 0.3937206
 3889.40 0.4284187
 3890.80 0.4720258
 3892.20 0.5039106
 3893.60 0.5161018
 3895.00 0.5240730
 3896.40 0.5348575
 3897.80 0.5357953
 3899.20 0.5273552
 3900.60 0.5165707
 3902.00 0.5114129
 3903.40 0.5015661
 3904.80 0.5043794
 3906.20 0.5296997
 3907.60 0.5803402
 3909.00 0.6103494
 3910.40 0.6239473
 3911.80 0.6417653
 3913.20 0.6384830
 3914.60 0.6286363
 3916.00 0.6126939
 3917.40 0.5761202
 3918.80 0.5357953
 3920.20 0.4987528
 3921.60 0.4907815
 3923.00 0.4912505
 3924.40 0.4603035
 3925.80 0.4073185
 3927.20 0.3254496
 3928.60 0.2383292
 3930.00 0.1719808
 3931.40 0.1219030
 3932.80 0.0909091
 3934.20 0.0958325
 3935.60 0.1460979
 3937.00 0.2154472
 3938.40 0.2805765
 3939.80 0.3440179
 3941.20 0.3866872
 3942.60 0.4129452
 3944.00 0.4574901
 3945.40 0.5067239
 3946.80 0.5442354
 3948.20 0.5719001
 3949.60 0.5915936
 3951.00 0.5976893
 3952.40 0.5981581
 3953.80 0.5878425
 3955.20 0.5676801
 3956.60 0.5536133
 3958.00 0.5451732
 3959.40 0.5151640
 3960.80 0.4377966
 3962.20 0.3632425
 3963.60 0.2973161
 3965.00 0.2286231
 3966.40 0.1674325
 3967.80 0.1368607
 3969.20 0.1506930
 3970.60 0.2087890
 3972.00 0.2851248
 3973.40 0.3562091
 3974.80 0.4321699
 3976.20 0.5100061
 3977.60 0.5808091
 3979.00 0.6291051
 3980.40 0.6520809
 3981.80 0.6558321
 3983.20 0.6534876
 3984.60 0.6530187
 3986.00 0.6684922
 3987.40 0.6877168
 3988.80 0.7060037
 3990.20 0.7200705
 3991.60 0.7360128
 3993.00 0.7285105
 3994.40 0.7200705
 3995.80 0.7163193
 3997.20 0.7242905
 3998.60 0.7397640
 4000.00 0.7510174
 4001.40 0.7557064
 4002.80 0.7421085
 4004.20 0.6989703
 4005.60 0.6924058
 4007.00 0.7083482
 4008.40 0.7411707
 4009.80 0.7707110
 4011.20 0.7969691
 4012.60 0.7941556
 4014.00 0.7880601
 4015.40 0.7702421
 4016.80 0.7538308
 4018.20 0.7697732
 4019.60 0.7819645
 4021.00 0.7777444
 4022.40 0.7814956
 4023.80 0.7871223
 4025.20 0.8063469
 4026.60 0.8190071
 4028.00 0.8054091
 4029.40 0.7627398
 4030.80 0.7360128
 4032.20 0.7294484
 4033.60 0.7346062
 4035.00 0.7608643
 4036.40 0.7955624
 4037.80 0.8241648
 4039.20 0.8363561
 4040.60 0.8204137
 4042.00 0.7725866
 4043.40 0.7074104
 4044.80 0.6605210
 4046.20 0.6778701
 4047.60 0.7519553
 4049.00 0.8040025
 4050.40 0.8227582
 4051.80 0.8124425
 4053.20 0.7725866
 4054.60 0.7383574
 4056.00 0.7219461
 4057.40 0.7327307
 4058.80 0.7566442
 4060.20 0.7552376
 4061.60 0.7331995
 4063.00 0.6924058
 4064.40 0.7163193
 4065.80 0.7336684
 4067.20 0.7458597
 4068.60 0.7669599
 4070.00 0.7360128
 4071.40 0.7421085
 4072.80 0.7575820
 4074.20 0.7627398
 4075.60 0.7275728
 4077.00 0.7242905
 4078.40 0.7538308
 4079.80 0.7936868
 4081.20 0.8143181
 4082.60 0.7885289
 4084.00 0.7805578
 4085.40 0.7955624
 4086.80 0.8358873
 4088.20 0.8447962
 4089.60 0.8457340
 4091.00 0.8316671
 4092.40 0.8054091
 4093.80 0.7838400
 4095.20 0.7669599
 4096.60 0.7383574
 4098.00 0.7045970
 4099.40 0.6281673
 4100.80 0.5817469
 4102.20 0.5958137
 4103.60 0.6623966
 4105.00 0.7238217
 4106.40 0.7627398
 4107.80 0.7814956
 4109.20 0.7960312
 4110.60 0.7974379
 4112.00 0.8171315
 4113.40 0.8452651
 4114.80 0.8551119
 4116.20 0.8382317
 4117.60 0.8279160
 4119.00 0.8326050
 4120.40 0.8424517
 4121.80 0.8340117
 4123.20 0.8283850
 4124.60 0.8288538
 4126.00 0.8274471
 4127.40 0.8204137
 4128.80 0.8166625
 4130.20 0.7950935
 4131.60 0.7669599
 4133.00 0.7641465
 4134.40 0.7833712
 4135.80 0.8124425
 4137.20 0.8443273
 4138.60 0.8823076
 4140.00 0.8794943
 4141.40 0.8190071
 4142.80 0.7725866
 4144.20 0.7758689
 4145.60 0.8138492
 4147.00 0.8368250
 4148.40 0.8349494
 4149.80 0.8297916
 4151.20 0.8213515
 4152.60 0.7913423
 4154.00 0.7636776
 4155.40 0.7627398
 4156.80 0.7833712
 4158.20 0.8016579
 4159.60 0.8171315
 4161.00 0.8415140
 4162.40 0.8644897
 4163.80 0.8724609
 4165.20 0.8621453
 4166.60 0.8447962
 4168.00 0.8476096
 4169.40 0.8480784
 4170.80 0.8054091
 4172.20 0.7603953
 4173.60 0.7407018
 4175.00 0.7463285
 4176.40 0.7599264
 4177.80 0.7716488
 4179.20 0.7829022
 4180.60 0.7721177
 4182.00 0.7599264
 4183.40 0.7730555
 4184.80 0.7810266
 4186.20 0.7636776
 4187.60 0.7472663
 4189.00 0.7716488
 4190.40 0.7936868
 4191.80 0.8040025
 4193.20 0.8040025
 4194.60 0.7969691
 4196.00 0.7683666
 4197.40 0.7392951
 4198.80 0.7364818
 4200.20 0.7467974
 4201.60 0.7482041
 4203.00 0.7580509
 4204.40 0.7852467
 4205.80 0.8072847
 4207.20 0.8096292
 4208.60 0.8119737
 4210.00 0.8241648
 4211.40 0.8349494
 4212.80 0.8396384
 4214.20 0.8265094
 4215.60 0.8021269
 4217.00 0.7889979
 4218.40 0.7993135
 4219.80 0.8021269
 4221.20 0.7955624
 4222.60 0.7557064
 4224.00 0.6849035
 4225.40 0.6192584
 4226.80 0.6019093
 4228.20 0.6727123
 4229.60 0.7580509
 4231.00 0.7918112
 4232.40 0.7941556
 4233.80 0.7688354
 4235.20 0.7458597
 4236.60 0.7374195
 4238.00 0.7472663
 4239.40 0.7749310
 4240.80 0.7908735
 4242.20 0.7950935
 4243.60 0.8068158
 4245.00 0.8129114
 4246.40 0.7786822
 4247.80 0.7388263
 4249.20 0.7139749
 4250.60 0.7177260
 4252.00 0.7444530
 4253.40 0.7482041
 4254.80 0.7496108
 4256.20 0.7618020
 4257.60 0.7716488
 4259.00 0.7289795
 4260.40 0.7135060
 4261.80 0.7439841
 4263.20 0.8054091
 4264.60 0.8096292
 4266.00 0.7941556
 4267.40 0.7646154
 4268.80 0.7261661
 4270.20 0.6628655
 4271.60 0.6375452
 4273.00 0.6403586
 4274.40 0.6689611
 4275.80 0.7167883
 4277.20 0.7491419
 4278.60 0.7491419
 4280.00 0.7360128
 4281.40 0.7435151
 4282.80 0.7355440
 4284.20 0.7153815
 4285.60 0.6872479
 4287.00 0.6778701
 4288.40 0.6623966
 4289.80 0.6600521
 4291.20 0.6708367
 4292.60 0.6731811
 4294.00 0.6745878
 4295.40 0.6581765
 4296.80 0.6136317
 4298.20 0.5479866
 4299.60 0.5104751
 4301.00 0.4982838
 4302.40 0.4940638
 4303.80 0.5015661
 4305.20 0.5067239
 4306.60 0.4907815
 4308.00 0.4748392
 4309.40 0.4724947
 4310.80 0.5039106
 4312.20 0.5700245
 4313.60 0.6516120
 4315.00 0.7341373
 4316.40 0.8044714
 4317.80 0.8490163
 4319.20 0.8555807
 4320.60 0.8260404
 4322.00 0.7697732
 4323.40 0.6881857
 4324.80 0.6450475
 4326.20 0.6666166
 4327.60 0.7421085
 4329.00 0.8007202
 4330.40 0.8251027
 4331.80 0.8293227
 4333.20 0.8293227
 4334.60 0.8218204
 4336.00 0.7875912
 4337.40 0.7153815
 4338.80 0.6352008
 4340.20 0.5775268
 4341.60 0.6065982
 4343.00 0.6764634
 4344.40 0.7402330
 4345.80 0.7922801
 4347.20 0.8180692
 4348.60 0.8368250
 4350.00 0.8227582
 4351.40 0.7791511
 4352.80 0.7613331
 4354.20 0.7894668
 4355.60 0.8152559
 4357.00 0.8302605
 4358.40 0.8438584
 4359.80 0.8527674
 4361.20 0.8663653
 4362.60 0.8837143
 4364.00 0.9020012
 4365.40 0.9001256
 4366.80 0.8733987
 4368.20 0.8612075
 4369.60 0.8602697
 4371.00 0.8522985
 4372.40 0.8321361
 4373.80 0.8063469
 4375.20 0.7932179
 4376.60 0.8119737
 4378.00 0.8358873
 4379.40 0.8330738
 4380.80 0.7880601
 4382.20 0.7191327
 4383.60 0.6563010
 4385.00 0.6652100
 4386.40 0.7233528
 4387.80 0.7664910
 4389.20 0.7969691
 4390.60 0.8143181
 4392.00 0.8251027
 4393.40 0.8311983
 4394.80 0.8354183
 4396.20 0.8644897
 4397.60 0.8809010
 4399.00 0.8546430
 4400.40 0.8232271
 4401.80 0.8049402
 4403.20 0.7847778
 4404.60 0.7725866
 4406.00 0.7866533
 4407.40 0.8161937
 4408.80 0.8560496
 4410.20 0.8841832
 4411.60 0.8940301
 4413.00 0.8855899
 4414.40 0.8574563
 4415.80 0.8494851
 4417.20 0.8860588
 4418.60 0.9254459
 4420.00 0.9465461
 4421.40 0.9254459
 4422.80 0.8846522
 4424.20 0.8790255
 4425.60 0.8963745
 4427.00 0.9099724
 4428.40 0.9174747
 4429.80 0.9151302
 4431.20 0.9015324
 4432.60 0.8846522
 4434.00 0.8673030
 4435.40 0.8583941
 4436.80 0.8776188
 4438.20 0.9015324
 4439.60 0.9071591
 4441.00 0.8898099
 4442.40 0.8715232
 4443.80 0.8809010
 4445.20 0.8935611
 4446.60 0.9066901
 4448.00 0.9151302
 4449.40 0.9099724
 4450.80 0.9104413
 4452.20 0.8926234
 4453.60 0.8462029
 4455.00 0.8068158
 4456.40 0.8124425
 4457.80 0.8218204
 4459.20 0.8316671
 4460.60 0.8457340
 4462.00 0.8607386
 4463.40 0.8762121
 4464.80 0.8804321
 4466.20 0.8869966
 4467.60 0.9038768
 4469.00 0.9080968
 4470.40 0.9198191
 4471.80 0.9334171
 4473.20 0.9498283
 4474.60 0.9634263
 4476.00 0.9676463
 4477.40 0.9437327
 4478.80 0.9099724
 4480.20 0.8907478
 4481.60 0.8869966
 4483.00 0.8869966
 4484.40 0.8977812
 4485.80 0.9202881
 4487.20 0.9390438
 4488.60 0.9005945
 4490.00 0.8940301
 4491.40 0.9062212
 4492.80 0.8930922
 4494.20 0.8921545
 4495.60 0.9085657
 4497.00 0.9198191
 4498.40 0.9188814
 4499.80 0.9127858
 4501.20 0.9231014
 4502.60 0.9723352
 4504.00 1.0000000
 4505.40 0.9962488
 4506.80 0.9573306
 4508.20 0.9352927
 4509.60 0.9320104
 4511.00 0.9348237
 4512.40 0.9254459
 4513.80 0.9113791
 4515.20 0.9020012
 4516.60 0.9052835
 4518.00 0.9235703
 4519.40 0.9306037
 4520.80 0.9132547
 4522.20 0.9015324
 4523.60 0.8809010
 4525.00 0.8579252
 4526.40 0.8358873
 4527.80 0.8143181
 4529.20 0.8396384
 4530.60 0.8518296
 4532.00 0.8443273
 4533.40 0.8391694
 4534.80 0.8490163
 4536.20 0.8930922
 4537.60 0.9277904
 4539.00 0.9399816
 4540.40 0.9301348
 4541.80 0.9188814
 4543.20 0.9104413
 4544.60 0.9048145
 4546.00 0.8898099
 4547.40 0.8687098
 4548.80 0.8541740
 4550.20 0.8790255
 4551.60 0.8851211
 4553.00 0.8837143
 4554.40 0.8944989
 4555.80 0.9231014
 4557.20 0.9479527
 4558.60 0.9699908
 4560.00 0.9746798
 4561.40 0.9592062
 4562.80 0.9170058
 4564.20 0.9095035
 4565.60 0.9390438
 4567.00 0.9606129
 4568.40 0.9699908
 4569.80 0.9713975
 4571.20 0.9760864
 4572.60 0.9742108
 4574.00 0.9592062
 4575.40 0.9545173
 4576.80 0.9559240
 4578.20 0.9399816
 4579.60 0.9212258
 4581.00 0.9085657
 4582.40 0.9005945
 4583.80 0.8926234
 4585.20 0.8902789
 4586.60 0.9179436
 4588.00 0.9315415
 4589.40 0.9301348
 4590.80 0.9198191
 4592.20 0.9057524
 4593.60 0.9141924
 4595.00 0.9076279
 4596.40 0.9005945
 4597.80 0.9141924
 4599.20 0.9357616
 4600.60 0.9320104
 4602.00 0.9165370
 4603.40 0.9141924
 4604.80 0.9174747
 4606.20 0.9184125
 4607.60 0.9399816
 4609.00 0.9488906
 4610.40 0.9324793
 4611.80 0.9193503
 4613.20 0.9165370
 4614.60 0.9132547
 4616.00 0.9020012
 4617.40 0.9071591
 4618.80 0.9291970
 4620.20 0.9531106
 4621.60 0.9465461
 4623.00 0.9352927
 4624.40 0.9413883
 4625.80 0.9479527
 4627.20 0.9474839
 4628.60 0.9362304
 4630.00 0.9249770
 4631.40 0.9005945
 4632.80 0.8949678
 4634.20 0.9188814
 4635.60 0.9235703
 4637.00 0.9066901
 4638.40 0.8893411
 4639.80 0.9043457
 4641.20 0.9315415
 4642.60 0.9268526
 4644.00 0.9104413
 4645.40 0.9038768
 4646.80 0.8977812
 4648.20 0.8846522
 4649.60 0.8860588
 4651.00 0.8916855
 4652.40 0.8902789
 4653.80 0.8916855
 4655.20 0.9038768
 4656.60 0.9301348
 4658.00 0.9620196
 4659.40 0.9873398
 4660.80 0.9774931
 4662.20 0.9427950
 4663.60 0.9216947
 4665.00 0.8926234
 4666.40 0.8682409
 4667.80 0.8691786
 4669.20 0.8949678
 4670.60 0.9202881
 4672.00 0.9226325
 4673.40 0.9127858
 4674.80 0.9132547
 4676.20 0.9315415
 4677.60 0.9423260
 4679.00 0.9235703
 4680.40 0.9160680
 4681.80 0.9137235
 4683.20 0.9221637
 4684.60 0.9324793
 4686.00 0.9352927
 4687.40 0.9231014
 4688.80 0.9057524
 4690.20 0.9057524
 4691.60 0.9066901
 4693.00 0.9109102
 4694.40 0.9409194
 4695.80 0.9263837
 4697.20 0.9048145
 4698.60 0.9052835
 4700.00 0.8893411
 4701.40 0.8654275
 4702.80 0.8546430
 4704.20 0.8626142
 4705.60 0.8748053
 4707.00 0.8691786
 4708.40 0.8794943
 4709.80 0.8968434
 4711.20 0.9137235
 4712.60 0.9085657
 4714.00 0.8912166
 4715.40 0.8954367
 4716.80 0.9216947
 4718.20 0.9334171
 4719.60 0.9470150
 4721.00 0.9404504
 4722.40 0.9277904
 4723.80 0.9324793
 4725.20 0.9277904
 4726.60 0.9188814
 4728.00 0.9137235
 4729.40 0.8987189
 4730.80 0.8687098
 4732.20 0.8855899
 4733.60 0.8874655
 4735.00 0.8944989
 4736.40 0.8968434
 4737.80 0.9029390
 4739.20 0.9038768
 4740.60 0.9221637
 4742.00 0.9362304
 4743.40 0.9385749
 4744.80 0.9315415
 4746.20 0.9484217
 4747.60 0.9521729
 4749.00 0.9456083
 4750.40 0.9442016
 4751.80 0.9334171
 4753.20 0.9212258
 4754.60 0.8963745
 4756.00 0.9010634
 4757.40 0.9141924
 4758.80 0.9357616
 4760.20 0.9413883
 4761.60 0.9127858
 4763.00 0.8865278
 4764.40 0.8766809
 4765.80 0.8837143
 4767.20 0.9034079
 4768.60 0.9268526
 4770.00 0.9245081
 4771.40 0.9198191
 4772.80 0.9235703
 4774.20 0.9390438
 4775.60 0.9488906
 4777.00 0.9601440
 4778.40 0.9427950
 4779.80 0.9371683
 4781.20 0.9329482
 4782.60 0.9240392
 4784.00 0.9109102
 4785.40 0.8912166
 4786.80 0.8916855
 4788.20 0.8879344
 4789.60 0.8832455
 4791.00 0.8907478
 4792.40 0.9165370
 4793.80 0.9451394
 4795.20 0.9376371
 4796.60 0.9127858
 4798.00 0.9034079
 4799.40 0.9231014
 4800.80 0.9371683
 4802.20 0.9249770
 4803.60 0.9043457
 4805.00 0.9001256
 4806.40 0.9029390
 4807.80 0.8907478
 4809.20 0.8982501
 4810.60 0.9165370
 4812.00 0.9329482
 4813.40 0.9470150
 4814.80 0.9596752
 4816.20 0.9756175
 4817.60 0.9793686
 4819.00 0.9521729
 4820.40 0.9212258
 4821.80 0.8926234
 4823.20 0.8973122
 4824.60 0.9052835
 4826.00 0.9024701
 4827.40 0.8968434
 4828.80 0.8959056
 4830.20 0.9066901
 4831.60 0.9470150
 4833.00 0.9291970
 4834.40 0.9188814
 4835.80 0.9188814
 4837.20 0.9141924
 4838.60 0.9085657
 4840.00 0.8987189
 4841.40 0.9085657
 4842.80 0.9193503
 4844.20 0.9249770
 4845.60 0.9095035
 4847.00 0.9057524
 4848.40 0.9005945
 4849.80 0.8884033
 4851.20 0.9104413
 4852.60 0.8776188
 4854.00 0.8293227
 4855.40 0.8115048
 4856.80 0.7969691
 4858.20 0.7444530
 4859.60 0.6586454
 4861.00 0.6281673
 4862.40 0.6600521
 4863.80 0.7172571
 4865.20 0.7697732
 4866.60 0.7974379
 4868.00 0.8115048
 4869.40 0.8115048
 4870.80 0.7988446
 4872.20 0.8044714
 4873.60 0.8382317
 4875.00 0.8743365
 4876.40 0.8701165
 4877.80 0.8537052
 4879.20 0.8677720
 4880.60 0.8846522
 4882.00 0.8860588
 4883.40 0.8696476
 4884.80 0.8537052
 4886.20 0.8537052
 4887.60 0.8537052
 4889.00 0.8419828
 4890.40 0.8218204
 4891.80 0.8227582
 4893.20 0.8588630
 4894.60 0.8982501
 4896.00 0.9282593
 4897.40 0.9479527
 4898.80 0.9259148
 4900.20 0.9080968
 4901.60 0.9231014
 4903.00 0.9137235
 4904.40 0.9202881
 4905.80 0.9582685
 4907.20 0.9606129
 4908.60 0.9315415
 4910.00 0.8823076
 4911.40 0.8729298
 4912.80 0.8860588
 4914.20 0.9095035
 4915.60 0.9240392
 4917.00 0.8851211
 4918.40 0.8335427
 4919.80 0.7946246
 4921.20 0.7810266
 4922.60 0.7875912
 4924.00 0.8161937
 4925.40 0.8621453
 4926.80 0.8949678
 4928.20 0.9170058
 4929.60 0.9366993
 4931.00 0.9498283
 4932.40 0.9371683
 4933.80 0.9151302
 4935.20 0.8846522
 4936.60 0.8696476
 4938.00 0.8583941
 4939.40 0.8419828
 4940.80 0.8532363
 4942.20 0.8907478
 4943.60 0.9109102
 4945.00 0.9165370
 4946.40 0.9188814
 4947.80 0.9123168
 4949.20 0.9160680
 4950.60 0.9456083
 4952.00 0.9521729
 4953.40 0.9221637
 4954.80 0.8968434
 4956.20 0.8527674
 4957.60 0.7979068
 4959.00 0.7932179
 4960.40 0.8335427
 4961.80 0.8705853
 4963.20 0.9034079
 4964.60 0.9212258
 4966.00 0.9146614
 4967.40 0.8959056
 4968.80 0.8743365
 4970.20 0.8687098
 4971.60 0.8823076
 4973.00 0.8935611
 4974.40 0.8935611
 4975.80 0.8977812
 4977.20 0.9048145
 4978.60 0.8766809
 4980.00 0.8644897
 4981.40 0.8457340
 4982.80 0.8072847
 4984.20 0.7814956
 4985.60 0.8077536
 4987.00 0.8555807
 4988.40 0.8827766
 4989.80 0.8973122
 4991.20 0.9001256
 4992.60 0.8813699
 4994.00 0.8851211
 4995.40 0.8898099
 4996.80 0.8827766
 4998.20 0.8827766
 4999.60 0.8724609
 5001.00 0.8743365
 5002.40 0.8799632
 5003.80 0.8565186
 5005.20 0.8152559
 5006.60 0.7908735
 5008.00 0.7936868
 5009.40 0.8302605
 5010.80 0.8527674
 5012.20 0.8363561
 5013.60 0.8044714
 5015.00 0.7889979
 5016.40 0.7960312
 5017.80 0.7899356
 5019.20 0.7800889
 5020.60 0.7969691
 5022.00 0.8110358
 5023.40 0.8119737
 5024.80 0.8311983
 5026.20 0.8480784
 5027.60 0.8476096
 5029.00 0.8476096
 5030.40 0.8504229
 5031.80 0.8574563
 5033.20 0.8635519
 5034.60 0.8701165
 5036.00 0.8649586
 5037.40 0.8560496
 5038.80 0.8457340
 5040.20 0.8035335
 5041.60 0.7875912
 5043.00 0.8096292
 5044.40 0.8387006
 5045.80 0.8537052
 5047.20 0.8668342
 5048.60 0.8602697
 5050.00 0.8307294
 5051.40 0.8354183
 5052.80 0.8363561
 5054.20 0.8429206
 5055.60 0.8687098
 5057.00 0.8743365
 5058.40 0.8874655
 5059.80 0.9038768
 5061.20 0.9151302
 5062.60 0.9005945
 5064.00 0.8860588
 5065.40 0.8729298
 5066.80 0.8494851
 5068.20 0.8504229
 5069.60 0.8799632
 5071.00 0.8963745
 5072.40 0.8738676
 5073.80 0.8541740
 5075.20 0.8532363
 5076.60 0.8593319
 5078.00 0.8560496
 5079.40 0.8232271
 5080.80 0.7955624
 5082.20 0.8105669
 5083.60 0.8410450
 5085.00 0.8658964
 5086.40 0.8851211
 5087.80 0.8996568
 5089.20 0.8982501
 5090.60 0.8930922
 5092.00 0.8860588
 5093.40 0.8766809
 5094.80 0.8804321
 5096.20 0.8701165
 5097.60 0.8476096
 5099.00 0.8368250
 5100.40 0.8307294
 5101.80 0.8405761
 5103.20 0.8607386
 5104.60 0.8640209
 5106.00 0.8616763
 5107.40 0.8513607
 5108.80 0.8316671
 5110.20 0.8358873
 5111.60 0.8574563
 5113.00 0.8748053
 5114.40 0.8724609
 5115.80 0.8748053
 5117.20 0.8879344
 5118.60 0.8940301
 5120.00 0.8874655
 5121.40 0.8762121
 5122.80 0.8762121
 5124.20 0.8527674
 5125.60 0.8241648
 5127.00 0.8232271
 5128.40 0.8269782
 5129.80 0.8293227
 5131.20 0.8508918
 5132.60 0.8682409
 5134.00 0.8743365
 5135.40 0.8598007
 5136.80 0.8462029
 5138.20 0.8316671
 5139.60 0.8049402
 5141.00 0.8025958
 5142.40 0.8241648
 5143.80 0.8307294
 5145.20 0.8358873
 5146.60 0.8405761
 5148.00 0.8466717
 5149.40 0.8579252
 5150.80 0.8701165
 5152.20 0.8490163
 5153.60 0.8330738
 5155.00 0.8471407
 5156.40 0.8593319
 5157.80 0.8654275
 5159.20 0.8635519
 5160.60 0.8438584
 5162.00 0.8204137
 5163.40 0.8002513
 5164.80 0.7632087
 5166.20 0.6985014
 5167.60 0.6459853
 5169.00 0.6459853
 5170.40 0.6591143
 5171.80 0.6478609
 5173.20 0.6525498
 5174.60 0.7144438
 5176.00 0.7922801
 5177.40 0.8321361
 5178.80 0.8363561
 5180.20 0.8110358
 5181.60 0.7458597
 5183.00 0.6698989
 5184.40 0.6502054
 5185.80 0.6952191
 5187.20 0.7660220
 5188.60 0.7899356
 5190.00 0.7857156
 5191.40 0.7904045
 5192.80 0.7819645
 5194.20 0.7721177
 5195.60 0.8007202
 5197.00 0.8157248
 5198.40 0.8443273
 5199.80 0.8583941
 5201.20 0.8555807
 5202.60 0.8340117
 5204.00 0.8161937
 5205.40 0.7955624
 5206.80 0.7758689
 5208.20 0.7768066
 5209.60 0.7955624
 5211.00 0.8269782
 5212.40 0.8593319
 5213.80 0.8527674
 5215.20 0.8194760
 5216.60 0.8147870
 5218.00 0.8401073
 5219.40 0.8522985
 5220.80 0.8504229
 5222.20 0.8344805
 5223.60 0.8236960
 5225.00 0.8021269
 5226.40 0.7707110
 5227.80 0.7697732
 5229.20 0.7824333
 5230.60 0.8002513
 5232.00 0.8176004
 5233.40 0.8208827
 5234.80 0.8204137
 5236.20 0.8311983
 5237.60 0.8555807
 5239.00 0.8663653
 5240.40 0.8682409
 5241.80 0.8729298
 5243.20 0.8710542
 5244.60 0.8649586
 5246.00 0.8537052
 5247.40 0.8372939
 5248.80 0.8335427
 5250.20 0.8283850
 5251.60 0.8251027
 5253.00 0.8251027
 5254.40 0.8307294
 5255.80 0.8410450
 5257.20 0.8555807
 5258.60 0.8588630
 5260.00 0.8522985
 5261.40 0.8171315
 5262.80 0.7678976
 5264.20 0.7303861
 5265.60 0.7041281
 5267.00 0.7060037
 5268.40 0.7219461
 5269.80 0.7102237
 5271.20 0.7327307
 5272.60 0.7542997
 5274.00 0.7749310
 5275.40 0.7993135
 5276.80 0.8232271
 5278.20 0.8316671
 5279.60 0.8279160
 5281.00 0.8180692
 5282.40 0.8091602
 5283.80 0.8086914
 5285.20 0.8208827
 5286.60 0.8354183
 5288.00 0.8537052
 5289.40 0.8635519
 5290.80 0.8766809
 5292.20 0.8799632
 5293.60 0.8696476
 5295.00 0.8588630
 5296.40 0.8340117
 5297.80 0.8072847
 5299.20 0.8091602
 5300.60 0.8302605
 5302.00 0.8391694
 5303.40 0.8447962
 5304.80 0.8555807
 5306.20 0.8654275
 5307.60 0.8673030
 5309.00 0.8583941
 5310.40 0.8649586
 5311.80 0.8724609
 5313.20 0.8677720
 5314.60 0.8602697
 5316.00 0.8518296
 5317.40 0.8363561
 5318.80 0.8316671
 5320.20 0.8396384
 5321.60 0.8401073
 5323.00 0.8176004
 5324.40 0.7988446
 5325.80 0.7805578
 5327.20 0.7552376
 5328.60 0.7374195
 5330.00 0.7782133
 5331.40 0.8185381
 5332.80 0.8213515
 5334.20 0.8279160
 5335.60 0.8330738
 5337.00 0.8199448
 5338.40 0.8030646
 5339.80 0.8007202
 5341.20 0.8068158
 5342.60 0.8072847
 5344.00 0.8161937
 5345.40 0.8185381
 5346.80 0.8199448
 5348.20 0.8218204
 5349.60 0.8251027
 5351.00 0.8232271
 5352.40 0.8255715
 5353.80 0.8466717
 5355.20 0.8691786
 5356.60 0.8705853
 5358.00 0.8598007
 5359.40 0.8644897
 5360.80 0.8621453
 5362.20 0.8396384
 5363.60 0.8218204
 5365.00 0.8044714
 5366.40 0.7965002
 5367.80 0.8082225
 5369.20 0.8100981
 5370.60 0.8016579
 5372.00 0.8030646
 5373.40 0.8129114
 5374.80 0.8372939
 5376.20 0.8574563
 5377.60 0.8522985
 5379.00 0.8429206
 5380.40 0.8401073
 5381.80 0.8377628
 5383.20 0.8288538
 5384.60 0.8260404
 5386.00 0.8330738
 5387.40 0.8354183
 5388.80 0.8246338
 5390.20 0.8096292
 5391.60 0.8021269
 5393.00 0.8044714
 5394.40 0.8063469
 5395.80 0.7979068
 5397.20 0.7824333
 5398.60 0.7913423
 5400.00 0.8119737
 5401.40 0.8086914
 5402.80 0.7904045
 5404.20 0.7721177
 5405.60 0.7753999
 5407.00 0.7880601
 5408.40 0.8025958
 5409.80 0.8063469
 5411.20 0.8105669
 5412.60 0.8326050
 5414.00 0.8279160
 5415.40 0.8204137
 5416.80 0.8279160
 5418.20 0.8415140
 5419.60 0.8583941
 5421.00 0.8569874
 5422.40 0.8311983
 5423.80 0.8190071
 5425.20 0.8176004
 5426.60 0.8302605
 5428.00 0.8265094
 5429.40 0.8119737
 5430.80 0.8152559
 5432.20 0.8204137
 5433.60 0.8124425
 5435.00 0.8129114
 5436.40 0.8236960
 5437.80 0.8452651
 5439.20 0.8673030
 5440.60 0.8766809
 5442.00 0.8729298
 5443.40 0.8471407
 5444.80 0.8119737
 5446.20 0.7880601
 5447.60 0.7782133
 5449.00 0.7988446
 5450.40 0.8466717
 5451.80 0.8673030
 5453.20 0.8382317
 5454.60 0.8007202
 5456.00 0.7993135
 5457.40 0.8194760
 5458.80 0.8424517
 5460.20 0.8532363
 5461.60 0.8494851
 5463.00 0.8302605
 5464.40 0.8129114
 5465.80 0.7983758
 5467.20 0.7936868
 5468.60 0.8152559
 5470.00 0.8279160
 5471.40 0.8255715
 5472.80 0.8274471
 5474.20 0.8251027
 5475.60 0.8030646
 5477.00 0.7753999
 5478.40 0.7819645
 5479.80 0.7988446
 5481.20 0.8035335
 5482.60 0.8152559
 5484.00 0.8269782
 5485.40 0.8232271
 5486.80 0.8166625
 5488.20 0.8119737
 5489.60 0.8077536
 5491.00 0.8115048
 5492.40 0.8185381
 5493.80 0.8265094
 5495.20 0.8377628
 5496.60 0.8551119
 5498.00 0.8447962
 5499.40 0.8204137
 5500.80 0.8354183
 5502.20 0.8372939
 5503.60 0.8171315
 5505.00 0.8011891
 5506.40 0.7950935
 5507.80 0.8049402
 5509.20 0.8194760
 5510.60 0.8185381
 5512.00 0.7993135
 5513.40 0.7927490
 5514.80 0.8030646
 5516.20 0.8119737
 5517.60 0.8227582
 5519.00 0.8401073
 5520.40 0.8527674
 5521.80 0.8354183
 5523.20 0.8077536
 5524.60 0.8002513
 5526.00 0.8030646
 5527.40 0.7950935
 5528.80 0.7880601
 5530.20 0.7918112
 5531.60 0.8044714
 5533.00 0.8054091
 5534.40 0.7960312
 5535.80 0.7936868
 5537.20 0.8054091
 5538.60 0.7988446
 5540.00 0.7997824
 5541.40 0.8124425
 5542.80 0.8241648
 5544.20 0.8279160
 5545.60 0.8260404
 5547.00 0.8269782
 5548.40 0.8405761
 5549.80 0.8583941
 5551.20 0.8560496
 5552.60 0.8433895
 5554.00 0.8340117
 5555.40 0.8260404
 5556.80 0.8124425
 5558.20 0.8011891
 5559.60 0.8016579
 5561.00 0.8049402
 5562.40 0.8082225
 5563.80 0.8082225
 5565.20 0.8129114
 5566.60 0.8143181
 5568.00 0.8021269
 5569.40 0.8002513
 5570.80 0.8040025
 5572.20 0.8002513
 5573.60 0.7875912
 5575.00 0.7875912
 5576.40 0.8063469
 5577.80 0.8218204
 5579.20 0.8176004
 5580.60 0.8133804
 5582.00 0.8143181
 5583.40 0.8068158
 5584.80 0.7988446
 5586.20 0.7829022
 5587.60 0.7542997
 5589.00 0.7374195
 5590.40 0.7449218
 5591.80 0.7707110
 5593.20 0.7918112
 5594.60 0.7932179
 5596.00 0.7927490
 5597.40 0.7861845
 5598.80 0.7725866
 5600.20 0.7697732
 5601.60 0.7608643
 5603.00 0.7453907
 5604.40 0.7500797
 5605.80 0.7782133
 5607.20 0.8100981
 5608.60 0.8251027
 5610.00 0.8086914
 5611.40 0.8105669
 5612.80 0.8082225
 5614.20 0.7927490
 5615.60 0.7636776
 5617.00 0.7407018
 5618.40 0.7510174
 5619.80 0.7753999
 5621.20 0.7955624
 5622.60 0.7904045
 5624.00 0.7861845
 5625.40 0.7763377
 5626.80 0.7608643
 5628.20 0.7749310
 5629.60 0.7922801
 5631.00 0.8044714
 5632.40 0.8077536
 5633.80 0.8002513
 5635.20 0.7908735
 5636.60 0.7997824
 5638.00 0.8143181
 5639.40 0.8002513
 5640.80 0.8016579
 5642.20 0.8016579
 5643.60 0.7904045
 5645.00 0.7899356
 5646.40 0.8040025
 5647.80 0.8110358
 5649.20 0.8002513
 5650.60 0.7894668
 5652.00 0.7904045
 5653.40 0.7885289
 5654.80 0.7814956
 5656.20 0.7749310
 5657.60 0.7646154
 5659.00 0.7505486
 5660.40 0.7482041
 5661.80 0.7613331
 5663.20 0.7716488
 5664.60 0.7678976
 5666.00 0.7646154
 5667.40 0.7763377
 5668.80 0.7814956
 5670.20 0.7824333
 5671.60 0.7833712
 5673.00 0.7927490
 5674.40 0.8025958
 5675.80 0.7960312
 5677.20 0.7941556
 5678.60 0.8021269
 5680.00 0.8044714
 5681.40 0.7950935
 5682.80 0.7796200
 5684.20 0.7707110
 5685.60 0.7585197
 5687.00 0.7505486
 5688.40 0.7500797
 5689.80 0.7669599
 5691.20 0.7852467
 5692.60 0.7997824
 5694.00 0.8016579
 5695.40 0.7932179
 5696.80 0.7904045
 5698.20 0.7904045
 5699.60 0.7843089
 5701.00 0.7683666
 5702.40 0.7566442
 5703.80 0.7636776
 5705.20 0.7758689
 5706.60 0.7810266
 5708.00 0.7688354
 5709.40 0.7449218
 5710.80 0.7308551
 5712.20 0.7374195
 5713.60 0.7542997
 5715.00 0.7632087
 5716.40 0.7707110
 5717.80 0.7707110
 5719.20 0.7599264
 5720.60 0.7613331
 5722.00 0.7894668
 5723.40 0.8086914
 5724.80 0.8063469
 5726.20 0.8077536
 5727.60 0.8040025
 5729.00 0.7950935
 5730.40 0.7969691
 5731.80 0.8021269
 5733.20 0.8035335
 5734.60 0.8035335
 5736.00 0.8002513
 5737.40 0.7899356
 5738.80 0.7852467
 5740.20 0.7894668
 5741.60 0.7927490
 5743.00 0.7918112
 5744.40 0.7847778
 5745.80 0.7777444
 5747.20 0.7824333
 5748.60 0.7927490
 5750.00 0.7965002
 5751.40 0.7988446
 5752.80 0.7866533
 5754.20 0.7702421
 5755.60 0.7636776
 5757.00 0.7641465
 5758.40 0.7632087
 5759.80 0.7749310
 5761.20 0.7782133
 5762.60 0.7707110
 5764.00 0.7641465
 5765.40 0.7749310
 5766.80 0.7829022
 5768.20 0.7880601
 5769.60 0.8002513
 5771.00 0.8002513
 5772.40 0.7824333
 5773.80 0.7730555
 5775.20 0.7744622
 5776.60 0.7814956
 5778.00 0.7875912
 5779.40 0.7838400
 5780.80 0.7730555
 5782.20 0.7669599
 5783.60 0.7594576
 5785.00 0.7514864
 5786.40 0.7571131
 5787.80 0.7641465
 5789.20 0.7632087
 5790.60 0.7697732
 5792.00 0.7852467
 5793.40 0.7899356
 5794.80 0.7824333
 5796.20 0.7833712
 5797.60 0.7880601
 5799.00 0.7843089
 5800.40 0.7833712
 5801.80 0.7932179
 5803.20 0.8110358
 5804.60 0.8100981
 5806.00 0.7871223
 5807.40 0.7763377
 5808.80 0.7857156
 5810.20 0.7861845
 5811.60 0.7885289
 5813.00 0.7946246
 5814.40 0.7918112
 5815.80 0.7875912
 5817.20 0.7786822
 5818.60 0.7763377
 5820.00 0.7932179
 5821.40 0.8054091
 5822.80 0.8011891
 5824.20 0.7833712
 5825.60 0.7819645
 5827.00 0.7913423
 5828.40 0.7918112
 5829.80 0.8040025
 5831.20 0.8016579
 5832.60 0.7946246
 5834.00 0.7932179
 5835.40 0.7993135
 5836.80 0.8058781
 5838.20 0.8063469
 5839.60 0.8030646
 5841.00 0.8044714
 5842.40 0.8054091
 5843.80 0.7997824
 5845.20 0.7927490
 5846.60 0.7824333
 5848.00 0.7763377
 5849.40 0.7744622
 5850.80 0.7711799
 5852.20 0.7730555
 5853.60 0.7622709
 5855.00 0.7449218
 5856.40 0.7397640
 5857.80 0.7514864
 5859.20 0.7580509
 5860.60 0.7707110
 5862.00 0.7772755
 5863.40 0.7810266
 5864.80 0.7965002
 5866.20 0.7960312
 5867.60 0.8002513
 5869.00 0.8147870
 5870.40 0.8072847
 5871.80 0.7899356
 5873.20 0.7932179
 5874.60 0.8011891
 5876.00 0.7805578
 5877.40 0.7725866
 5878.80 0.7866533
 5880.20 0.7857156
 5881.60 0.7683666
 5883.00 0.7641465
 5884.40 0.7594576
 5885.80 0.7632087
 5887.20 0.7392951
 5888.60 0.6745878
 5890.00 0.6394208
 5891.40 0.6741189
 5892.80 0.7158505
 5894.20 0.7064726
 5895.60 0.6731811
 5897.00 0.6844346
 5898.40 0.7275728
 5899.80 0.7585197
 5901.20 0.7753999
 5902.60 0.7669599
 5904.00 0.7721177
 5905.40 0.7861845
 5906.80 0.7908735
 5908.20 0.7843089
 5909.60 0.7796200
 5911.00 0.7805578
 5912.40 0.7697732
 5913.80 0.7566442
 5915.20 0.7594576
 5916.60 0.7622709
 5918.00 0.7613331
 5919.40 0.7646154
 5920.80 0.7730555
 5922.20 0.7791511
 5923.60 0.7697732
 5925.00 0.7561753
 5926.40 0.7514864
 5927.80 0.7632087
 5929.20 0.7589887
 5930.60 0.7350751
 5932.00 0.7233528
 5933.40 0.7303861
 5934.80 0.7477353
 5936.20 0.7613331
 5937.60 0.7646154
 5939.00 0.7660220
 5940.40 0.7627398
 5941.80 0.7491419
 5943.20 0.7472663
 5944.60 0.7533620
 5946.00 0.7449218
 5947.40 0.7346062
 5948.80 0.7285105
 5950.20 0.7322617
 5951.60 0.7350751
 5953.00 0.7416396
 5954.40 0.7524241
 5955.80 0.7566442
 5957.20 0.7566442
 5958.60 0.7458597
 5960.00 0.7491419
 5961.40 0.7707110
 5962.80 0.7660220
 5964.20 0.7435151
 5965.60 0.7261661
 5967.00 0.7285105
 5968.40 0.7388263
 5969.80 0.7533620
 5971.20 0.7627398
 5972.60 0.7416396
 5974.00 0.7327307
 5975.40 0.7341373
 5976.80 0.7233528
 5978.20 0.7149127
 5979.60 0.7430463
 5981.00 0.7753999
 5982.40 0.7674287
 5983.80 0.7224150
 5985.20 0.7102237
 5986.60 0.7074104
 5988.00 0.7111615
 5989.40 0.7280417
 5990.80 0.7482041
 5992.20 0.7618020
 5993.60 0.7575820
 5995.00 0.7585197
 5996.40 0.7618020
 5997.80 0.7575820
 5999.20 0.7528930
 6000.60 0.7477353
 6002.00 0.7331995
 6003.40 0.7303861
 6004.80 0.7327307
 6006.20 0.7139749
 6007.60 0.6994392
 6009.00 0.7013147
 6010.40 0.7200705
 6011.80 0.7407018
 6013.20 0.7271039
 6014.60 0.7102237
 6016.00 0.7135060
 6017.40 0.7219461
 6018.80 0.7153815
 6020.20 0.6980325
 6021.60 0.7036592
 6023.00 0.7153815
 6024.40 0.7102237
 6025.80 0.7088170
 6027.20 0.7083482
 6028.60 0.6947502
 6030.00 0.7139749
 6031.40 0.7238217
 6032.80 0.7256972
 6034.20 0.7453907
 6035.60 0.7317928
 6037.00 0.7200705
 6038.40 0.7153815
 6039.80 0.7266350
 6041.20 0.7336684
 6042.60 0.7280417
 6044.00 0.7496108
 6045.40 0.7411707
 6046.80 0.7416396
 6048.20 0.7407018
 6049.60 0.7383574
 6051.00 0.7430463
 6052.40 0.7402330
 6053.80 0.7327307
 6055.20 0.7275728
 6056.60 0.7346062
 6058.00 0.7430463
 6059.40 0.7453907
 6060.80 0.7388263
 6062.20 0.7289795
 6063.60 0.7153815
 6065.00 0.7102237
 6066.40 0.7158505
 6067.80 0.7191327
 6069.20 0.7261661
 6070.60 0.7397640
 6072.00 0.7528930
 6073.40 0.7641465
 6074.80 0.7599264
 6076.20 0.7463285
 6077.60 0.7303861
 6079.00 0.7200705
 6080.40 0.7181949
 6081.80 0.7266350
 6083.20 0.7247594
 6084.60 0.7181949
 6086.00 0.7181949
 6087.40 0.7219461
 6088.80 0.7200705
 6090.20 0.7167883
 6091.60 0.7191327
 6093.00 0.7219461
 6094.40 0.7200705
 6095.80 0.7116304
 6097.20 0.7027214
 6098.60 0.6975636
 6100.00 0.6877168
 6101.40 0.6764634
 6102.80 0.6806834
 6104.20 0.6966258
 6105.60 0.7064726
 6107.00 0.7172571
 6108.40 0.7285105
 6109.80 0.7285105
 6111.20 0.7233528
 6112.60 0.7196016
 6114.00 0.7050659
 6115.40 0.7041281
 6116.80 0.7102237
 6118.20 0.7111615
 6119.60 0.7069415
 6121.00 0.6985014
 6122.40 0.7031903
 6123.80 0.7196016
 6125.20 0.7313240
 6126.60 0.7299172
 6128.00 0.7219461
 6129.40 0.7167883
 6130.80 0.7125682
 6132.20 0.7191327
 6133.60 0.7167883
 6135.00 0.6914680
 6136.40 0.6647410
 6137.80 0.6703678
 6139.20 0.6914680
 6140.60 0.6994392
 6142.00 0.7055348
 6143.40 0.7078792
 6144.80 0.7036592
 6146.20 0.7069415
 6147.60 0.7106926
 6149.00 0.7130371
 6150.40 0.7181949
 6151.80 0.7200705
 6153.20 0.7172571
 6154.60 0.7083482
 6156.00 0.7013147
 6157.40 0.7050659
 6158.80 0.7088170
 6160.20 0.6970947
 6161.60 0.6816212
 6163.00 0.6769323
 6164.40 0.6820901
 6165.80 0.6867791
 6167.20 0.6863101
 6168.60 0.6797456
 6170.00 0.6825590
 6171.40 0.7017837
 6172.80 0.7144438
 6174.20 0.7074104
 6175.60 0.7074104
 6177.00 0.7083482
 6178.40 0.7003770
 6179.80 0.6975636
 6181.20 0.7017837
 6182.60 0.7003770
 6184.00 0.7060037
 6185.40 0.7088170
 6186.80 0.7149127
 6188.20 0.7167883
 6189.60 0.7069415
 6191.00 0.6952191
 6192.40 0.6905302
 6193.80 0.7027214
 6195.20 0.7064726
 6196.60 0.7181949
 6198.00 0.7322617
 6199.40 0.7331995
 6200.80 0.7261661
 6202.20 0.7247594
 6203.60 0.7266350
 6205.00 0.7196016
 6206.40 0.7149127
 6207.80 0.7242905
 6209.20 0.7266350
 6210.60 0.7139749
 6212.00 0.6975636
 6213.40 0.6816212
 6214.80 0.6778701
 6216.20 0.6858413
 6217.60 0.6924058
 6219.00 0.6881857
 6220.40 0.6849035
 6221.80 0.6975636
 6223.20 0.7027214
 6224.60 0.6994392
 6226.00 0.6999081
 6227.40 0.6952191
 6228.80 0.6863101
 6230.20 0.6698989
 6231.60 0.6656788
 6233.00 0.6769323
 6234.40 0.6914680
 6235.80 0.6970947
 6237.20 0.6919369
 6238.60 0.6877168
 6240.00 0.6933436
 6241.40 0.7102237
 6242.80 0.7135060
 6244.20 0.6994392
 6245.60 0.6839657
 6247.00 0.6788078
 6248.40 0.6924058
 6249.80 0.7003770
 6251.20 0.6980325
 6252.60 0.6914680
 6254.00 0.6816212
 6255.40 0.6755256
 6256.80 0.6802146
 6258.20 0.6886546
 6259.60 0.6877168
 6261.00 0.6722433
 6262.40 0.6502054
 6263.80 0.6337941
 6265.20 0.6431719
 6266.60 0.6769323
 6268.00 0.6980325
 6269.40 0.7003770
 6270.80 0.6999081
 6272.20 0.6961569
 6273.60 0.6952191
 6275.00 0.6900613
 6276.40 0.6727123
 6277.80 0.6530187
 6279.20 0.6506742
 6280.60 0.6577077
 6282.00 0.6684922
 6283.40 0.6900613
 6284.80 0.7013147
 6286.20 0.7074104
 6287.60 0.7125682
 6289.00 0.7102237
 6290.40 0.7031903
 6291.80 0.6886546
 6293.20 0.6755256
 6294.60 0.6928747
 6296.00 0.7088170
 6297.40 0.7013147
 6298.80 0.6788078
 6300.20 0.6774012
 6301.60 0.6680233
 6303.00 0.6675544
 6304.40 0.6797456
 6305.80 0.6938124
 6307.20 0.6970947
 6308.60 0.6849035
 6310.00 0.6788078
 6311.40 0.6778701
 6312.80 0.6708367
 6314.20 0.6656788
 6315.60 0.6666166
 6317.00 0.6769323
 6318.40 0.6783390
 6319.80 0.6816212
 6321.20 0.6853724
 6322.60 0.6769323
 6324.00 0.6792768
 6325.40 0.6863101
 6326.80 0.6966258
 6328.20 0.7106926
 6329.60 0.7045970
 6331.00 0.6924058
 6332.40 0.6938124
 6333.80 0.6985014
 6335.20 0.6867791
 6336.60 0.6774012
 6338.00 0.6731811
 6339.40 0.6769323
 6340.80 0.6853724
 6342.20 0.6947502
 6343.60 0.6858413
 6345.00 0.6928747
 6346.40 0.6947502
 6347.80 0.6970947
 6349.20 0.7027214
 6350.60 0.7045970
 6352.00 0.6999081
 6353.40 0.6924058
 6354.80 0.6788078
 6356.20 0.6689611
 6357.60 0.6745878
 6359.00 0.6825590
 6360.40 0.6755256
 6361.80 0.6642722
 6363.20 0.6572387
 6364.60 0.6558321
 6366.00 0.6652100
 6367.40 0.6783390
 6368.80 0.6849035
 6370.20 0.6863101
 6371.60 0.6877168
 6373.00 0.6881857
 6374.40 0.6858413
 6375.80 0.6849035
 6377.20 0.6858413
 6378.60 0.6849035
 6380.00 0.6811523
 6381.40 0.6778701
 6382.80 0.6736500
 6384.20 0.6689611
 6385.60 0.6750567
 6387.00 0.6844346
 6388.40 0.6886546
 6389.80 0.6816212
 6391.20 0.6694300
 6392.60 0.6586454
 6394.00 0.6544254
 6395.40 0.6586454
 6396.80 0.6694300
 6398.20 0.6698989
 6399.60 0.6586454
 6401.00 0.6553632
 6402.40 0.6628655
 6403.80 0.6717745
 6405.20 0.6769323
 6406.60 0.6595832
 6408.00 0.6548943
 6409.40 0.6605210
 6410.80 0.6666166
 6412.20 0.6591143
 6413.60 0.6628655
 6415.00 0.6661477
 6416.40 0.6694300
 6417.80 0.6698989
 6419.20 0.6595832
 6420.60 0.6464542
 6422.00 0.6483298
 6423.40 0.6605210
 6424.80 0.6684922
 6426.20 0.6731811
 6427.60 0.6750567
 6429.00 0.6647410
 6430.40 0.6530187
 6431.80 0.6539565
 6433.20 0.6614588
 6434.60 0.6694300
 6436.00 0.6717745
 6437.40 0.6670855
 6438.80 0.6628655
 6440.20 0.6703678
 6441.60 0.6891235
 6443.00 0.6952191
 6444.40 0.6895924
 6445.80 0.6886546
 6447.20 0.6816212
 6448.60 0.6722433
 6450.00 0.6680233
 6451.40 0.6713055
 6452.80 0.6769323
 6454.20 0.6741189
 6455.60 0.6661477
 6457.00 0.6656788
 6458.40 0.6755256
 6459.80 0.6755256
 6461.20 0.6605210
 6462.60 0.6380141
 6464.00 0.6445786
 6465.40 0.6563010
 6466.80 0.6661477
 6468.20 0.6689611
 6469.60 0.6572387
 6471.00 0.6534876
 6472.40 0.6567699
 6473.80 0.6572387
 6475.20 0.6577077
 6476.60 0.6698989
 6478.00 0.6708367
 6479.40 0.6684922
 6480.80 0.6703678
 6482.20 0.6684922
 6483.60 0.6670855
 6485.00 0.6741189
 6486.40 0.6863101
 6487.80 0.6928747
 6489.20 0.6825590
 6490.60 0.6563010
 6492.00 0.6356696
 6493.40 0.6276985
 6494.80 0.6267607
 6496.20 0.6352008
 6497.60 0.6520809
 6499.00 0.6638032
 6500.40 0.6675544
 6501.80 0.6745878
 6503.20 0.6806834
 6504.60 0.6820901
 6506.00 0.6811523
 6507.40 0.6891235
 6508.80 0.6914680
 6510.20 0.6900613
 6511.60 0.6867791
 6513.00 0.6839657
 6514.40 0.6764634
 6515.80 0.6666166
 6517.20 0.6628655
 6518.60 0.6623966
 6520.00 0.6745878
 6521.40 0.6783390
 6522.80 0.6750567
 6524.20 0.6759945
 6525.60 0.6727123
 6527.00 0.6792768
 6528.40 0.6895924
 6529.80 0.6961569
 6531.20 0.6881857
 6532.60 0.6778701
 6534.00 0.6745878
 6535.40 0.6778701
 6536.80 0.6844346
 6538.20 0.6849035
 6539.60 0.6797456
 6541.00 0.6797456
 6542.40 0.6830279
 6543.80 0.6774012
 6545.20 0.6619277
 6546.60 0.6558321
 6548.00 0.6638032
 6549.40 0.6694300
 6550.80 0.6666166
 6552.20 0.6511431
 6553.60 0.6333252
 6555.00 0.6183206
 6556.40 0.6131627
 6557.80 0.6042538
 6559.20 0.5559577
 6560.60 0.4874993
 6562.00 0.4302943
 6563.40 0.4251364
 6564.80 0.5109439
 6566.20 0.5676801
 6567.60 0.6000337
 6569.00 0.6173828
 6570.40 0.6356696
 6571.80 0.6389519
 6573.20 0.6436408
 6574.60 0.6450475
 6576.00 0.6548943
 6577.40 0.6717745
 6578.80 0.6727123
 6580.20 0.6722433
 6581.60 0.6783390
 6583.00 0.6811523
 6584.40 0.6792768
 6585.80 0.6797456
 6587.20 0.6788078
 6588.60 0.6745878
 6590.00 0.6694300
 6591.40 0.6614588
 6592.80 0.6525498
 6594.20 0.6487987
 6595.60 0.6534876
 6597.00 0.6633344
 6598.40 0.6741189
 6599.80 0.6797456
 6601.20 0.6731811
 6602.60 0.6703678
 6604.00 0.6736500
 6605.40 0.6694300
 6606.80 0.6623966
 6608.20 0.6558321
 6609.60 0.6577077
 6611.00 0.6628655
 6612.40 0.6656788
 6613.80 0.6680233
 6615.20 0.6647410
 6616.60 0.6567699
 6618.00 0.6581765
 6619.40 0.6623966
 6620.80 0.6703678
 6622.20 0.6774012
 6623.60 0.6689611
 6625.00 0.6614588
 6626.40 0.6591143
 6627.80 0.6675544
 6629.20 0.6572387
 6630.60 0.6473920
 6632.00 0.6450475
 6633.40 0.6441097
 6634.80 0.6553632
 6636.20 0.6619277
 6637.60 0.6600521
 6639.00 0.6600521
 6640.40 0.6623966
 6641.80 0.6567699
 6643.20 0.6473920
 6644.60 0.6380141
 6646.00 0.6309807
 6647.40 0.6347318
 6648.80 0.6459853
 6650.20 0.6520809
 6651.60 0.6520809
 6653.00 0.6520809
 6654.40 0.6548943
 6655.80 0.6548943
 6657.20 0.6511431
 6658.60 0.6436408
 6660.00 0.6370763
 6661.40 0.6347318
 6662.80 0.6328563
 6664.20 0.6366074
 6665.60 0.6436408
 6667.00 0.6455164
 6668.40 0.6441097
 6669.80 0.6459853
 6671.20 0.6506742
 6672.60 0.6483298
 6674.00 0.6464542
 6675.40 0.6417653
 6676.80 0.6380141
 6678.20 0.6328563
 6679.60 0.6319185
 6681.00 0.6375452
 6682.40 0.6314496
 6683.80 0.6300429
 6685.20 0.6323874
 6686.60 0.6286363
 6688.00 0.6258229
 6689.40 0.6305118
 6690.80 0.6333252
 6692.20 0.6314496
 6693.60 0.6314496
 6695.00 0.6366074
 6696.40 0.6403586
 6697.80 0.6352008
 6699.20 0.6319185
 6700.60 0.6403586
 6702.00 0.6403586
 6703.40 0.6333252
 6704.80 0.6286363
 6706.20 0.6244162
 6707.60 0.6244162
 6709.00 0.6286363
 6710.40 0.6323874
 6711.80 0.6295740
 6713.20 0.6253540
 6714.60 0.6211340
 6716.00 0.6136317
 6717.40 0.6089427
 6718.80 0.6141005
 6720.20 0.6262918
 6721.60 0.6333252
 6723.00 0.6361386
 6724.40 0.6286363
 6725.80 0.6220717
 6727.20 0.6234784
 6728.60 0.6206650
 6730.00 0.6201962
 6731.40 0.6281673
 6732.80 0.6342630
 6734.20 0.6366074
 6735.60 0.6366074
 6737.00 0.6356696
 6738.40 0.6366074
 6739.80 0.6305118
 6741.20 0.6220717
 6742.60 0.6262918
 6744.00 0.6286363
 6745.40 0.6328563
 6746.80 0.6342630
 6748.20 0.6225406
 6749.60 0.6155072
 6751.00 0.6183206
 6752.40 0.6248851
 6753.80 0.6253540
 6755.20 0.6197273
 6756.60 0.6173828
 6758.00 0.6225406
 6759.40 0.6286363
 6760.80 0.6380141
 6762.20 0.6394208
 6763.60 0.6333252
 6765.00 0.6225406
 6766.40 0.6075360
 6767.80 0.6061294
 6769.20 0.6094116
 6770.60 0.6047227
 6772.00 0.6033160
 6773.40 0.6089427
 6774.80 0.6183206
 6776.20 0.6206650
 6777.60 0.6178517
 6779.00 0.6169139
 6780.40 0.6197273
 6781.80 0.6216028
 6783.20 0.6169139
 6784.60 0.6094116
 6786.00 0.6117561
 6787.40 0.6126939
 6788.80 0.6192584
 6790.20 0.6258229
 6791.60 0.6244162
 6793.00 0.6117561
 6794.40 0.6108183
 6795.80 0.6155072
 6797.20 0.6234784
 6798.60 0.6276985
 6800.00 0.6262918
 6801.40 0.6211340
 6802.80 0.6136317
 6804.20 0.6108183
 6805.60 0.6150383
 6807.00 0.6187895
 6808.40 0.6159761
 6809.80 0.6141005
 6811.20 0.6159761
 6812.60 0.6197273
 6814.00 0.6211340
 6815.40 0.6244162
 6816.80 0.6262918
 6818.20 0.6192584
 6819.60 0.6070671
 6821.00 0.6019093
 6822.40 0.6126939
 6823.80 0.6272295
 6825.20 0.6333252
 6826.60 0.6328563
 6828.00 0.6216028
 6829.40 0.6075360
 6830.80 0.6047227
 6832.20 0.6098805
 6833.60 0.6131627
 6835.00 0.6098805
 6836.40 0.6122250
 6837.80 0.6117561
 6839.20 0.6080049
 6840.60 0.5976893
 6842.00 0.5925314
 6843.40 0.5953448
 6844.80 0.5976893
 6846.20 0.5948759
 6847.60 0.5986271
 6849.00 0.5986271
 6850.40 0.6047227
 6851.80 0.6136317
 6853.20 0.6169139
 6854.60 0.6056604
 6856.00 0.5948759
 6857.40 0.5986271
 6858.80 0.6009715
 6860.20 0.6023782
 6861.60 0.6051916
 6863.00 0.6065982
 6864.40 0.5944070
 6865.80 0.5531444
 6867.20 0.4804659
 6868.60 0.4040362
 6870.00 0.3716826
 6871.40 0.3796538
 6872.80 0.4040362
 6874.20 0.4288876
 6875.60 0.4485811
 6877.00 0.4645235
 6878.40 0.4842170
 6879.80 0.5114129
 6881.20 0.5437665
 6882.60 0.5550199
 6884.00 0.5414220
 6885.40 0.5311064
 6886.80 0.5207907
 6888.20 0.5048483
 6889.60 0.4954705
 6891.00 0.5071928
 6892.40 0.5114129
 6893.80 0.5142262
 6895.20 0.5161018
 6896.60 0.5142262
 6898.00 0.5296997
 6899.40 0.5381398
 6900.80 0.5372020
 6902.20 0.5503310
 6903.60 0.5432976
 6905.00 0.5423598
 6906.40 0.5465798
 6907.80 0.5498621
 6909.20 0.5428287
 6910.60 0.5629911
 6912.00 0.5733068
 6913.40 0.5639289
 6914.80 0.5559577
 6916.20 0.5503310
 6917.60 0.5479866
 6919.00 0.5507999
 6920.40 0.5686179
 6921.80 0.5775268
 6923.20 0.5714312
 6924.60 0.5658045
 6926.00 0.5733068
 6927.40 0.5789335
 6928.80 0.5803402
 6930.20 0.5873736
 6931.60 0.5953448
 6933.00 0.5897181
 6934.40 0.5822158
 6935.80 0.5817469
 6937.20 0.5817469
 6938.60 0.5826847
 6940.00 0.5854980
 6941.40 0.5911248
 6942.80 0.5925314
 6944.20 0.5869047
 6945.60 0.5826847
 6947.00 0.5869047
 6948.40 0.5840913
 6949.80 0.5873736
 6951.20 0.5915936
 6952.60 0.5948759
 6954.00 0.5976893
 6955.40 0.5906558
 6956.80 0.5794024
 6958.20 0.5756513
 6959.60 0.5794024
 6961.00 0.5878425
 6962.40 0.6023782
 6963.80 0.6103494
 6965.20 0.6065982
 6966.60 0.6084738
 6968.00 0.6112872
 6969.40 0.6056604
 6970.80 0.5939381
 6972.20 0.5915936
 6973.60 0.5962826
 6975.00 0.5990959
 6976.40 0.5953448
 6977.80 0.5878425
 6979.20 0.5836225
 6980.60 0.5925314
 6982.00 0.6047227
 6983.40 0.6131627
 6984.80 0.6145694
 6986.20 0.5962826
 6987.60 0.5864358
 6989.00 0.5911248
 6990.40 0.5930003
 6991.80 0.5934692
 6993.20 0.5934692
 6994.60 0.5953448
 6996.00 0.5953448
 6997.40 0.5901870
 6998.80 0.5798713
 7000.20 0.5756513
 7001.60 0.5836225
 7003.00 0.5826847
 7004.40 0.5761202
 7005.80 0.5723690
 7007.20 0.5859669
 7008.60 0.5948759
 7010.00 0.5972204
 7011.40 0.5915936
 7012.80 0.5840913
 7014.20 0.5845603
 7015.60 0.5681490
 7017.00 0.5690867
 7018.40 0.5779957
 7019.80 0.5887803
 7021.20 0.5831535
 7022.60 0.5765890
 7024.00 0.5770580
 7025.40 0.5794024
 7026.80 0.5761202
 7028.20 0.5883114
 7029.60 0.5962826
 7031.00 0.6014404
 7032.40 0.5953448
 7033.80 0.5873736
 7035.20 0.5808091
 7036.60 0.5765890
 7038.00 0.5794024
 7039.40 0.5770580
 7040.80 0.5850291
 7042.20 0.5906558
 7043.60 0.5864358
 7045.00 0.5817469
 7046.40 0.5751824
 7047.80 0.5719001
 7049.20 0.5704934
 7050.60 0.5662734
 7052.00 0.5606467
 7053.40 0.5587711
 7054.80 0.5625222
 7056.20 0.5639289
 7057.60 0.5672112
 7059.00 0.5733068
 7060.40 0.5747135
 7061.80 0.5611156
 7063.20 0.5545511
 7064.60 0.5695557
 7066.00 0.5761202
 7067.40 0.5737757
 7068.80 0.5700245
 7070.20 0.5770580
 7071.60 0.5808091
 7073.00 0.5808091
 7074.40 0.5756513
 7075.80 0.5770580
 7077.20 0.5779957
 7078.60 0.5817469
 7080.00 0.5779957
 7081.40 0.5770580
 7082.80 0.5765890
 7084.20 0.5629911
 7085.60 0.5690867
 7087.00 0.5831535
 7088.40 0.5845603
 7089.80 0.5761202
 7091.20 0.5714312
 7092.60 0.5709623
 7094.00 0.5733068
 7095.40 0.5756513
 7096.80 0.5765890
 7098.20 0.5704934
 7099.60 0.5634600
 7101.00 0.5672112
 7102.40 0.5789335
 7103.80 0.5887803
 7105.20 0.5836225
 7106.60 0.5704934
 7108.00 0.5653356
 7109.40 0.5658045
 7110.80 0.5662734
 7112.20 0.5676801
 7113.60 0.5761202
 7115.00 0.5812780
 7116.40 0.5789335
 7117.80 0.5747135
 7119.20 0.5784646
 7120.60 0.5840913
 7122.00 0.5723690
 7123.40 0.5756513
 7124.80 0.5775268
 7126.20 0.5794024
 7127.60 0.5779957
 7129.00 0.5779957
 7130.40 0.5784646
 7131.80 0.5817469
 7133.20 0.5840913
 7134.60 0.5897181
 7136.00 0.5822158
 7137.40 0.5747135
 7138.80 0.5775268
 7140.20 0.5826847
 7141.60 0.5845603
 7143.00 0.5733068
 7144.40 0.5643978
 7145.80 0.5592400
 7147.20 0.5512688
 7148.60 0.5475176
 7150.00 0.5493932
 7151.40 0.5676801
 7152.80 0.5789335
 7154.20 0.5747135
 7155.60 0.5775268
 7157.00 0.5878425
 7158.40 0.5873736
 7159.80 0.5770580
 7161.20 0.5648667
 7162.60 0.5489243
 7164.00 0.5339197
 7165.40 0.5329820
 7166.80 0.5442354
 7168.20 0.5540821
 7169.60 0.5559577
 7171.00 0.5470488
 7172.40 0.5423598
 7173.80 0.5362642
 7175.20 0.5268863
 7176.60 0.5381398
 7178.00 0.5503310
 7179.40 0.5400153
 7180.80 0.5198529
 7182.20 0.5114129
 7183.60 0.5057861
 7185.00 0.4762459
 7186.40 0.4832792
 7187.80 0.5029728
 7189.20 0.5128195
 7190.60 0.5006283
 7192.00 0.4973460
 7193.40 0.5161018
 7194.80 0.5264174
 7196.20 0.5259485
 7197.60 0.5278241
 7199.00 0.5104751
 7200.40 0.5240730
 7201.80 0.5334508
 7203.20 0.5311064
 7204.60 0.5320442
 7206.00 0.5315753
 7207.40 0.5465798
 7208.80 0.5639289
 7210.20 0.5812780
 7211.60 0.5934692
 7213.00 0.5883114
 7214.40 0.5751824
 7215.80 0.5681490
 7217.20 0.5761202
 7218.60 0.5817469
 7220.00 0.5667423
 7221.40 0.5493932
 7222.80 0.5447043
 7224.20 0.5522066
 7225.60 0.5695557
 7227.00 0.5761202
 7228.40 0.5714312
 7229.80 0.5540821
 7231.20 0.5357953
 7232.60 0.5245419
 7234.00 0.5273552
 7235.40 0.5432976
 7236.80 0.5461110
 7238.20 0.5353264
 7239.60 0.5240730
 7241.00 0.5343886
 7242.40 0.5315753
 7243.80 0.5451732
 7245.20 0.5540821
 7246.60 0.5625222
 7248.00 0.5700245
 7249.40 0.5437665
 7250.80 0.5189152
 7252.20 0.5231352
 7253.60 0.5461110
 7255.00 0.5592400
 7256.40 0.5578333
 7257.80 0.5587711
 7259.20 0.5512688
 7260.60 0.5409531
 7262.00 0.5268863
 7263.40 0.5245419
 7264.80 0.5250107
 7266.20 0.5334508
 7267.60 0.5404843
 7269.00 0.5353264
 7270.40 0.5292308
 7271.80 0.5254797
 7273.20 0.5151640
 7274.60 0.5015661
 7276.00 0.5067239
 7277.40 0.5259485
 7278.80 0.5376709
 7280.20 0.5395465
 7281.60 0.5423598
 7283.00 0.5442354
 7284.40 0.5357953
 7285.80 0.5339197
 7287.20 0.5343886
 7288.60 0.5217285
 7290.00 0.4964083
 7291.40 0.5034416
 7292.80 0.5090684
 7294.20 0.5207907
 7295.60 0.5428287
 7297.00 0.5554889
 7298.40 0.5536133
 7299.80 0.5357953
 7301.20 0.5203218
 7302.60 0.5151640
 7304.00 0.5161018
 7305.40 0.5254797
 7306.80 0.5104751
 7308.20 0.5104751
 7309.60 0.5109439
 7311.00 0.5076617
 7312.40 0.5292308
 7313.80 0.5479866
 7315.20 0.5432976
 7316.60 0.5432976
 7318.00 0.5493932
 7319.40 0.5484554
 7320.80 0.5339197
 7322.20 0.5245419
 7323.60 0.5311064
 7325.00 0.5414220
 7326.40 0.5479866
 7327.80 0.5437665
 7329.20 0.5348575
 7330.60 0.5259485
 7332.00 0.5217285
 7333.40 0.5329820
 7334.80 0.5409531
 7336.20 0.5414220
 7337.60 0.5418909
 7339.00 0.5479866
 7340.40 0.5564266
 7341.80 0.5503310
 7343.20 0.5418909
 7344.60 0.5437665
 7346.00 0.5522066
 7347.40 0.5442354
 7348.80 0.5254797
 7350.20 0.5132884
 7351.60 0.5137573
 7353.00 0.5203218
 7354.40 0.5221974
 7355.80 0.5221974
 7357.20 0.5226663
 7358.60 0.5254797
 7360.00 0.5264174
 7361.40 0.5334508
 7362.80 0.5292308
 7364.20 0.5259485
 7365.60 0.5282930
 7367.00 0.5278241
 7368.40 0.5264174
 7369.80 0.5287619
 7371.20 0.5278241
 7372.60 0.5334508
 7374.00 0.5372020
 7375.40 0.5287619
 7376.80 0.5236041
 7378.20 0.5254797
 7379.60 0.5343886
 7381.00 0.5409531
 7382.40 0.5381398
 7383.80 0.5250107
 7385.20 0.5104751
 7386.60 0.5043794
 7388.00 0.4959393
 7389.40 0.4771836
 7390.80 0.4776525
 7392.20 0.5034416
 7393.60 0.5090684
 7395.00 0.5085995
 7396.40 0.5048483
 7397.80 0.5015661
 7399.20 0.5034416
 7400.60 0.5095373
 7402.00 0.5212596
 7403.40 0.5221974
 7404.80 0.5151640
 7406.20 0.5085995
 7407.60 0.4992216
 7409.00 0.4917193
 7410.40 0.4898437
 7411.80 0.5006283
 7413.20 0.5025039
 7414.60 0.4959393
 7416.00 0.4889060
 7417.40 0.4893749
 7418.80 0.4945327
 7420.20 0.5039106
 7421.60 0.5090684
 7423.00 0.5025039
 7424.40 0.4978150
 7425.80 0.5006283
 7427.20 0.5076617
