 3510.00 0.4266514
 3511.40 0.3973173
 3512.80 0.3736976
 3514.20 0.3477921
 3515.60 0.3618877
 3517.00 0.3881742
 3518.40 0.4079842
 3519.80 0.3866503
 3521.20 0.3645545
 3522.60 0.3378871
 3524.00 0.3196009
 3525.40 0.3135055
 3526.80 0.3336965
 3528.20 0.3855074
 3529.60 0.4106510
 3531.00 0.4152225
 3532.40 0.4293181
 3533.80 0.4392231
 3535.20 0.4388422
 3536.60 0.4403660
 3538.00 0.4506520
 3539.40 0.4674144
 3540.80 0.4586522
 3542.20 0.4479853
 3543.60 0.4540807
 3545.00 0.4655096
 3546.40 0.4628428
 3547.80 0.4384612
 3549.20 0.4437947
 3550.60 0.4392231
 3552.00 0.4148416
 3553.40 0.3973173
 3554.80 0.3973173
 3556.20 0.4056984
 3557.60 0.3839836
 3559.00 0.3725547
 3560.40 0.3839836
 3561.80 0.3996030
 3563.20 0.3961744
 3564.60 0.3615068
 3566.00 0.3344584
 3567.40 0.3096959
 3568.80 0.2807427
 3570.20 0.2605517
 3571.60 0.2715996
 3573.00 0.3112197
 3574.40 0.3455064
 3575.80 0.3607449
 3577.20 0.3462683
 3578.60 0.3093149
 3580.00 0.2605517
 3581.40 0.2197887
 3582.80 0.2072170
 3584.20 0.2064550
 3585.60 0.2068360
 3587.00 0.2190268
 3588.40 0.2521705
 3589.80 0.3036005
 3591.20 0.3649354
 3592.60 0.4087461
 3594.00 0.4296991
 3595.40 0.4563664
 3596.80 0.4738908
 3598.20 0.4902721
 3599.60 0.4879863
 3601.00 0.4536997
 3602.40 0.4064603
 3603.80 0.3649354
 3605.20 0.3428396
 3606.60 0.3340775
 3608.00 0.3207438
 3609.40 0.3062672
 3610.80 0.3104578
 3612.20 0.3378871
 3613.60 0.3622687
 3615.00 0.3836026
 3616.40 0.3881742
 3617.80 0.3584591
 3619.20 0.3077911
 3620.60 0.2792189
 3622.00 0.3077911
 3623.40 0.3748405
 3624.80 0.4243656
 3626.20 0.4525569
 3627.60 0.4681763
 3629.00 0.4750336
 3630.40 0.4487472
 3631.80 0.3828407
 3633.20 0.3439825
 3634.60 0.3500779
 3636.00 0.3790311
 3637.40 0.4083652
 3638.80 0.4380802
 3640.20 0.4620809
 3641.60 0.4700811
 3643.00 0.4396041
 3644.40 0.4106510
 3645.80 0.3874122
 3647.20 0.3607449
 3648.60 0.3356013
 3650.00 0.3424587
 3651.40 0.3740786
 3652.80 0.4434137
 3654.20 0.4937008
 3655.60 0.5104632
 3657.00 0.5127489
 3658.40 0.5215110
 3659.80 0.5561787
 3661.20 0.5405592
 3662.60 0.5199872
 3664.00 0.5135108
 3665.40 0.5146537
 3666.80 0.5207491
 3668.20 0.5234159
 3669.60 0.5005581
 3671.00 0.4697001
 3672.40 0.4834148
 3673.80 0.5127489
 3675.20 0.5184634
 3676.60 0.5055107
 3678.00 0.4738908
 3679.40 0.4399851
 3680.80 0.4354135
 3682.20 0.4468424
 3683.60 0.4525569
 3685.00 0.4556045
 3686.40 0.4468424
 3687.80 0.4243656
 3689.20 0.4274133
 3690.60 0.4777004
 3692.00 0.5329399
 3693.40 0.5481784
 3694.80 0.5241778
 3696.20 0.4883673
 3697.60 0.4716050
 3699.00 0.4975104
 3700.40 0.5420830
 3701.80 0.5516071
 3703.20 0.5123680
 3704.60 0.4464614
 3706.00 0.3820788
 3707.40 0.3443635
 3708.80 0.3424587
 3710.20 0.3634116
 3711.60 0.4087461
 3713.00 0.4742717
 3714.40 0.5333209
 3715.80 0.5637979
 3717.20 0.5630360
 3718.60 0.5066535
 3720.00 0.4178893
 3721.40 0.3333156
 3722.80 0.3020766
 3724.20 0.3557923
 3725.60 0.4258894
 3727.00 0.4716050
 3728.40 0.4879863
 3729.80 0.4826528
 3731.20 0.4456995
 3732.60 0.3786501
 3734.00 0.2879810
 3735.40 0.2293128
 3736.80 0.2335034
 3738.20 0.2818856
 3739.60 0.3481731
 3741.00 0.4216988
 3742.40 0.4643667
 3743.80 0.4316039
 3745.20 0.3679831
 3746.60 0.3036005
 3748.00 0.2609327
 3749.40 0.2441703
 3750.80 0.2601708
 3752.20 0.3424587
 3753.60 0.4418899
 3755.00 0.5142727
 3756.40 0.5458926
 3757.80 0.5169395
 3759.20 0.4651286
 3760.60 0.4544616
 3762.00 0.4632238
 3763.40 0.4643667
 3764.80 0.4529378
 3766.20 0.4460805
 3767.60 0.4335087
 3769.00 0.4163654
 3770.40 0.4156034
 3771.80 0.4403660
 3773.20 0.4910341
 3774.60 0.5420830
 3776.00 0.5737029
 3777.40 0.6018941
 3778.80 0.6308473
 3780.20 0.6525621
 3781.60 0.6685626
 3783.00 0.6792295
 3784.40 0.6818963
 3785.80 0.6449429
 3787.20 0.5759887
 3788.60 0.5165586
 3790.00 0.4780813
 3791.40 0.4735098
 3792.80 0.4666524
 3794.20 0.4262704
 3795.60 0.3790311
 3797.00 0.3439825
 3798.40 0.3268392
 3799.80 0.3397919
 3801.20 0.3988411
 3802.60 0.4807481
 3804.00 0.5424640
 3805.40 0.5630360
 3806.80 0.5516071
 3808.20 0.5481784
 3809.60 0.5698933
 3811.00 0.5832270
 3812.40 0.5615121
 3813.80 0.5074154
 3815.20 0.4506520
 3816.60 0.4216988
 3818.00 0.4289371
 3819.40 0.4281752
 3820.80 0.4083652
 3822.20 0.3923648
 3823.60 0.3832217
 3825.00 0.3359823
 3826.40 0.2914097
 3827.80 0.2662662
 3829.20 0.2552182
 3830.60 0.2456941
 3832.00 0.2171220
 3833.40 0.1870259
 3834.80 0.1752161
 3836.20 0.1915975
 3837.60 0.2232174
 3839.00 0.2342653
 3840.40 0.2620755
 3841.80 0.3230296
 3843.20 0.3976982
 3844.60 0.4586522
 3846.00 0.5001771
 3847.40 0.5180824
 3848.80 0.5161776
 3850.20 0.5169395
 3851.60 0.5352257
 3853.00 0.5436069
 3854.40 0.5390353
 3855.80 0.5253207
 3857.20 0.5043678
 3858.60 0.4746527
 3860.00 0.4544616
 3861.40 0.4864625
 3862.80 0.5390353
 3864.20 0.5824650
 3865.60 0.6026561
 3867.00 0.6007513
 3868.40 0.5836079
 3869.80 0.5401782
 3871.20 0.4990343
 3872.60 0.4872244
 3874.00 0.5100822
 3875.40 0.5390353
 3876.80 0.5249397
 3878.20 0.4860816
 3879.60 0.4525569
 3881.00 0.4369374
 3882.40 0.4251275
 3883.80 0.4037936
 3885.20 0.3733166
 3886.60 0.3287440
 3888.00 0.2963622
 3889.40 0.3089339
 3890.80 0.3695070
 3892.20 0.4380802
 3893.60 0.4784623
 3895.00 0.5017010
 3896.40 0.5310351
 3897.80 0.5516071
 3899.20 0.5577025
 3900.60 0.5740839
 3902.00 0.5858937
 3903.40 0.5778935
 3904.80 0.5691314
 3906.20 0.5858937
 3907.60 0.6304664
 3909.00 0.6822773
 3910.40 0.7165639
 3911.80 0.7359930
 3913.20 0.7417074
 3914.60 0.7363739
 3916.00 0.7211354
 3917.40 0.7043731
 3918.80 0.6609434
 3920.20 0.6137039
 3921.60 0.5874176
 3923.00 0.5877986
 3924.40 0.5893224
 3925.80 0.5523690
 3927.20 0.4948436
 3928.60 0.4114129
 3930.00 0.3165532
 3931.40 0.2335034
 3932.80 0.1733113
 3934.20 0.1660730
 3935.60 0.2079789
 3937.00 0.2910287
 3938.40 0.3717928
 3939.80 0.4331278
 3941.20 0.4784623
 3942.60 0.5036058
 3944.00 0.5127489
 3945.40 0.5512261
 3946.80 0.5877986
 3948.20 0.6133230
 3949.60 0.6350379
 3951.00 0.6510383
 3952.40 0.6449429
 3953.80 0.6323711
 3955.20 0.6159898
 3956.60 0.5843699
 3958.00 0.5786554
 3959.40 0.5477975
 3960.80 0.4872244
 3962.20 0.4022698
 3963.60 0.3321727
 3965.00 0.2605517
 3966.40 0.1816925
 3967.80 0.1136525
 3969.20 0.0909091
 3970.60 0.1211194
 3972.00 0.1847402
 3973.40 0.2613136
 3974.80 0.3439825
 3976.20 0.4335087
 3977.60 0.5169395
 3979.00 0.5824650
 3980.40 0.6327521
 3981.80 0.6655149
 3983.20 0.6731341
 3984.60 0.6807534
 3986.00 0.7009444
 3987.40 0.7260880
 3988.80 0.7679938
 3990.20 0.7961850
 3991.60 0.8079949
 3993.00 0.8247572
 3994.40 0.8350432
 3995.80 0.8217095
 3997.20 0.8106616
 3998.60 0.8266621
 4000.00 0.8514247
 4001.40 0.8598058
 4002.80 0.8449483
 4004.20 0.8209476
 4005.60 0.7977089
 4007.00 0.8015185
 4008.40 0.8339003
 4009.80 0.8651392
 4011.20 0.8838064
 4012.60 0.8944734
 4014.00 0.9078071
 4015.40 0.9264743
 4016.80 0.9401889
 4018.20 0.9424746
 4019.60 0.9443795
 4021.00 0.9382841
 4022.40 0.9306648
 4023.80 0.9348554
 4025.20 0.9359983
 4026.60 0.9340935
 4028.00 0.9238075
 4029.40 0.8891399
 4030.80 0.8426625
 4032.20 0.8045662
 4033.60 0.8038043
 4035.00 0.8419005
 4036.40 0.9028545
 4037.80 0.9535225
 4039.20 0.9801899
 4040.60 0.9478081
 4042.00 0.9253314
 4043.40 0.8636154
 4044.80 0.7858991
 4046.20 0.7565650
 4047.60 0.8316146
 4049.00 0.9009498
 4050.40 0.9260933
 4051.80 0.8986640
 4053.20 0.8742824
 4054.60 0.8548533
 4056.00 0.8434244
 4057.40 0.8399957
 4058.80 0.8369480
 4060.20 0.8266621
 4061.60 0.8022804
 4063.00 0.7668509
 4064.40 0.7698987
 4065.80 0.7817085
 4067.20 0.8038043
 4068.60 0.8194238
 4070.00 0.8098997
 4071.40 0.7866610
 4072.80 0.7817085
 4074.20 0.7935183
 4075.60 0.7942803
 4077.00 0.7638033
 4078.40 0.7683748
 4079.80 0.8083758
 4081.20 0.8518056
 4082.60 0.8544723
 4084.00 0.8281859
 4085.40 0.8156141
 4086.80 0.8316146
 4088.20 0.8655202
 4089.60 0.8556152
 4091.00 0.8171380
 4092.40 0.7858991
 4093.80 0.7702796
 4095.20 0.7325643
 4096.60 0.6761818
 4098.00 0.6266567
 4099.40 0.5695123
 4100.80 0.5123680
 4102.20 0.4933199
 4103.60 0.5340828
 4105.00 0.6125611
 4106.40 0.6887536
 4107.80 0.7318024
 4109.20 0.7466599
 4110.60 0.7546601
 4112.00 0.7798037
 4113.40 0.8198048
 4114.80 0.8556152
 4116.20 0.8815207
 4117.60 0.8876161
 4119.00 0.8799968
 4120.40 0.8746633
 4121.80 0.8689489
 4123.20 0.8727585
 4124.60 0.8773301
 4126.00 0.8659012
 4127.40 0.8540913
 4128.80 0.8506627
 4130.20 0.8537104
 4131.60 0.8316146
 4133.00 0.8224714
 4134.40 0.8358051
 4135.80 0.8639964
 4137.20 0.8925686
 4138.60 0.9390460
 4140.00 0.9466652
 4141.40 0.9188550
 4142.80 0.8639964
 4144.20 0.8476150
 4145.60 0.8739014
 4147.00 0.9062832
 4148.40 0.9070452
 4149.80 0.8948544
 4151.20 0.8746633
 4152.60 0.8529484
 4154.00 0.8300907
 4155.40 0.8140903
 4156.80 0.8194238
 4158.20 0.8346622
 4159.60 0.8594248
 4161.00 0.9059023
 4162.40 0.9318077
 4163.80 0.9424746
 4165.20 0.9462843
 4166.60 0.9295219
 4168.00 0.9081881
 4169.40 0.8899018
 4170.80 0.8655202
 4172.20 0.8239953
 4173.60 0.8041852
 4175.00 0.8102806
 4176.40 0.8266621
 4177.80 0.8350432
 4179.20 0.8483769
 4180.60 0.8510437
 4182.00 0.8453293
 4183.40 0.8407576
 4184.80 0.8533294
 4186.20 0.8377100
 4187.60 0.8220905
 4189.00 0.8331384
 4190.40 0.8655202
 4191.80 0.8872351
 4193.20 0.8910447
 4194.60 0.8807587
 4196.00 0.8464721
 4197.40 0.8041852
 4198.80 0.7740892
 4200.20 0.7638033
 4201.60 0.7664700
 4203.00 0.7851371
 4204.40 0.8289478
 4205.80 0.8773301
 4207.20 0.9074261
 4208.60 0.9085690
 4210.00 0.9024736
 4211.40 0.9112357
 4212.80 0.9291409
 4214.20 0.9260933
 4215.60 0.8876161
 4217.00 0.8590438
 4218.40 0.8685679
 4219.80 0.8990449
 4221.20 0.8975211
 4222.60 0.8647583
 4224.00 0.8232334
 4225.40 0.7466599
 4226.80 0.6617053
 4228.20 0.6868488
 4229.60 0.7710415
 4231.00 0.8620916
 4232.40 0.8872351
 4233.80 0.8499008
 4235.20 0.8178999
 4236.60 0.8003757
 4238.00 0.7996137
 4239.40 0.8171380
 4240.80 0.8377100
 4242.20 0.8620916
 4243.60 0.8799968
 4245.00 0.8742824
 4246.40 0.8563771
 4247.80 0.8224714
 4249.20 0.7847561
 4250.60 0.7718034
 4252.00 0.7798037
 4253.40 0.7897086
 4254.80 0.7916135
 4256.20 0.7973279
 4257.60 0.8289478
 4259.00 0.8156141
 4260.40 0.7813275
 4261.80 0.7641842
 4263.20 0.8243763
 4264.60 0.8796158
 4266.00 0.9062832
 4267.40 0.8910447
 4268.80 0.8537104
 4270.20 0.7935183
 4271.60 0.7321834
 4273.00 0.6860869
 4274.40 0.7097065
 4275.80 0.7698987
 4277.20 0.8281859
 4278.60 0.8803778
 4280.00 0.8773301
 4281.40 0.8529484
 4282.80 0.8419005
 4284.20 0.8426625
 4285.60 0.8342813
 4287.00 0.8213285
 4288.40 0.7897086
 4289.80 0.7558030
 4291.20 0.7398026
 4292.60 0.7611365
 4294.00 0.7839942
 4295.40 0.7832323
 4296.80 0.7683748
 4298.20 0.7169448
 4299.60 0.6415143
 4301.00 0.5866557
 4302.40 0.5710362
 4303.80 0.5820841
 4305.20 0.5957987
 4306.60 0.5908462
 4308.00 0.5649408
 4309.40 0.5409401
 4310.80 0.5557977
 4312.20 0.5980845
 4313.60 0.6457048
 4315.00 0.7154210
 4316.40 0.8030423
 4317.80 0.8742824
 4319.20 0.8963782
 4320.60 0.8822826
 4322.00 0.8506627
 4323.40 0.7977089
 4324.80 0.7108494
 4326.20 0.6498955
 4327.60 0.6632291
 4329.00 0.7371359
 4330.40 0.7874229
 4331.80 0.8022804
 4333.20 0.7977089
 4334.60 0.7870420
 4336.00 0.7558030
 4337.40 0.6746580
 4338.80 0.5820841
 4340.20 0.4971295
 4341.60 0.4655096
 4343.00 0.5268445
 4344.40 0.5946558
 4345.80 0.6624672
 4347.20 0.7196116
 4348.60 0.7497076
 4350.00 0.7630413
 4351.40 0.7409455
 4352.80 0.7081827
 4354.20 0.7260880
 4355.60 0.7618984
 4357.00 0.7950422
 4358.40 0.8178999
 4359.80 0.8236143
 4361.20 0.8479959
 4362.60 0.8754253
 4364.00 0.8940924
 4365.40 0.9062832
 4366.80 0.9123786
 4368.20 0.8868541
 4369.60 0.8681870
 4371.00 0.8590438
 4372.40 0.8598058
 4373.80 0.8251382
 4375.20 0.8041852
 4376.60 0.7999947
 4378.00 0.8213285
 4379.40 0.8506627
 4380.80 0.8350432
 4382.20 0.7801846
 4383.60 0.7093256
 4385.00 0.6403713
 4386.40 0.6742771
 4387.80 0.7375168
 4389.20 0.7756131
 4390.60 0.7908515
 4392.00 0.7992328
 4393.40 0.8030423
 4394.80 0.8087568
 4396.20 0.8247572
 4397.60 0.8659012
 4399.00 0.8777110
 4400.40 0.8582820
 4401.80 0.8396148
 4403.20 0.8259002
 4404.60 0.7809466
 4406.00 0.7546601
 4407.40 0.7763750
 4408.80 0.8083758
 4410.20 0.8518056
 4411.60 0.9009498
 4413.00 0.9093309
 4414.40 0.8704728
 4415.80 0.8224714
 4417.20 0.8205667
 4418.60 0.8773301
 4420.00 0.9169502
 4421.40 0.9207598
 4422.80 0.9074261
 4424.20 0.8921876
 4425.60 0.8948544
 4427.00 0.9119977
 4428.40 0.9199979
 4429.80 0.9093309
 4431.20 0.8868541
 4432.60 0.8761872
 4434.00 0.8651392
 4435.40 0.8525675
 4436.80 0.8659012
 4438.20 0.9131406
 4439.60 0.9356173
 4441.00 0.9230455
 4442.40 0.8845683
 4443.80 0.8579010
 4445.20 0.8975211
 4446.60 0.9238075
 4448.00 0.9424746
 4449.40 0.9470462
 4450.80 0.9439985
 4452.20 0.9234265
 4453.60 0.8780920
 4455.00 0.8262811
 4456.40 0.7889468
 4457.80 0.7828514
 4459.20 0.8007566
 4460.60 0.8133284
 4462.00 0.8335194
 4463.40 0.8601867
 4464.80 0.8758062
 4466.20 0.8780920
 4467.60 0.8704728
 4469.00 0.8636154
 4470.40 0.8620916
 4471.80 0.8929495
 4473.20 0.9211408
 4474.60 0.9371412
 4476.00 0.9424746
 4477.40 0.9409508
 4478.80 0.9066642
 4480.20 0.8586629
 4481.60 0.8312336
 4483.00 0.8491388
 4484.40 0.9051403
 4485.80 0.9306648
 4487.20 0.9306648
 4488.60 0.9066642
 4490.00 0.8761872
 4491.40 0.8769491
 4492.80 0.8857112
 4494.20 0.8788539
 4495.60 0.8742824
 4497.00 0.8849493
 4498.40 0.9066642
 4499.80 0.9192360
 4501.20 0.9241885
 4502.60 0.9352363
 4504.00 0.9592370
 4505.40 0.9908569
 4506.80 1.0000000
 4508.20 0.9912378
 4509.60 0.9820948
 4511.00 0.9824758
 4512.40 0.9630467
 4513.80 0.9363792
 4515.20 0.9276171
 4516.60 0.9203789
 4518.00 0.9173311
 4519.40 0.9257123
 4520.80 0.9356173
 4522.20 0.9249504
 4523.60 0.9017117
 4525.00 0.8712346
 4526.40 0.8358051
 4527.80 0.8072330
 4529.20 0.8053282
 4530.60 0.8140903
 4532.00 0.8205667
 4533.40 0.8186619
 4534.80 0.8316146
 4536.20 0.8784729
 4537.60 0.9184740
 4539.00 0.9249504
 4540.40 0.9135215
 4541.80 0.9234265
 4543.20 0.9276171
 4544.60 0.9123786
 4546.00 0.8933305
 4547.40 0.8639964
 4548.80 0.8396148
 4550.20 0.8689489
 4551.60 0.8944734
 4553.00 0.8918066
 4554.40 0.8735204
 4555.80 0.8754253
 4557.20 0.9017117
 4558.60 0.9398080
 4560.00 0.9516178
 4561.40 0.9485700
 4562.80 0.9154263
 4564.20 0.8678060
 4565.60 0.8777110
 4567.00 0.9158072
 4568.40 0.9356173
 4569.80 0.9299029
 4571.20 0.9013307
 4572.60 0.9169502
 4574.00 0.9340935
 4575.40 0.9417127
 4576.80 0.9382841
 4578.20 0.9116167
 4579.60 0.8849493
 4581.00 0.8613296
 4582.40 0.8472340
 4583.80 0.8468530
 4585.20 0.8628535
 4586.60 0.8838064
 4588.00 0.8982830
 4589.40 0.9028545
 4590.80 0.8971401
 4592.20 0.8746633
 4593.60 0.8567581
 4595.00 0.8548533
 4596.40 0.8628535
 4597.80 0.8700918
 4599.20 0.8628535
 4600.60 0.8708537
 4602.00 0.8799968
 4603.40 0.8868541
 4604.80 0.8975211
 4606.20 0.9043784
 4607.60 0.9173311
 4609.00 0.9184740
 4610.40 0.9139025
 4611.80 0.9104738
 4613.20 0.9081881
 4614.60 0.9173311
 4616.00 0.9123786
 4617.40 0.9131406
 4618.80 0.9268552
 4620.20 0.9371412
 4621.60 0.9466652
 4623.00 0.9325697
 4624.40 0.9215217
 4625.80 0.9268552
 4627.20 0.9215217
 4628.60 0.9135215
 4630.00 0.9085690
 4631.40 0.9139025
 4632.80 0.9066642
 4634.20 0.8815207
 4635.60 0.8746633
 4637.00 0.8685679
 4638.40 0.8662821
 4639.80 0.8838064
 4641.20 0.8925686
 4642.60 0.8780920
 4644.00 0.8559962
 4645.40 0.8369480
 4646.80 0.8201857
 4648.20 0.8121855
 4649.60 0.8392338
 4651.00 0.8651392
 4652.40 0.8750443
 4653.80 0.8632345
 4655.20 0.8605677
 4656.60 0.8788539
 4658.00 0.9089499
 4659.40 0.9230455
 4660.80 0.9119977
 4662.20 0.8617106
 4663.60 0.8293288
 4665.00 0.8076140
 4666.40 0.7782798
 4667.80 0.7710415
 4669.20 0.8163760
 4670.60 0.8712346
 4672.00 0.8647583
 4673.40 0.8693299
 4674.80 0.8784729
 4676.20 0.8860922
 4677.60 0.8716156
 4679.00 0.8510437
 4680.40 0.8521865
 4681.80 0.8586629
 4683.20 0.8765682
 4684.60 0.9024736
 4686.00 0.8902828
 4687.40 0.8799968
 4688.80 0.8662821
 4690.20 0.8556152
 4691.60 0.8479959
 4693.00 0.8533294
 4694.40 0.8655202
 4695.80 0.8624725
 4697.20 0.8479959
 4698.60 0.8373290
 4700.00 0.8201857
 4701.40 0.8041852
 4702.80 0.7836132
 4704.20 0.7824704
 4705.60 0.8022804
 4707.00 0.8098997
 4708.40 0.7980898
 4709.80 0.8137094
 4711.20 0.8422815
 4712.60 0.8396148
 4714.00 0.8186619
 4715.40 0.8255192
 4716.80 0.8521865
 4718.20 0.8731395
 4719.60 0.8819016
 4721.00 0.8803778
 4722.40 0.8876161
 4723.80 0.8979020
 4725.20 0.8963782
 4726.60 0.8803778
 4728.00 0.8575200
 4729.40 0.8399957
 4730.80 0.8236143
 4732.20 0.8217095
 4733.60 0.8411386
 4735.00 0.8460911
 4736.40 0.8384719
 4737.80 0.8426625
 4739.20 0.8544723
 4740.60 0.8521865
 4742.00 0.8533294
 4743.40 0.8678060
 4744.80 0.8716156
 4746.20 0.8674250
 4747.60 0.8674250
 4749.00 0.8716156
 4750.40 0.8773301
 4751.80 0.8750443
 4753.20 0.8609487
 4754.60 0.8377100
 4756.00 0.8213285
 4757.40 0.8243763
 4758.80 0.8415196
 4760.20 0.8601867
 4761.60 0.8548533
 4763.00 0.8186619
 4764.40 0.8003757
 4765.80 0.7904706
 4767.20 0.7931374
 4768.60 0.8110426
 4770.00 0.8335194
 4771.40 0.8533294
 4772.80 0.8700918
 4774.20 0.8849493
 4775.60 0.8986640
 4777.00 0.9188550
 4778.40 0.9192360
 4779.80 0.9093309
 4781.20 0.9005688
 4782.60 0.8902828
 4784.00 0.8731395
 4785.40 0.8632345
 4786.80 0.8544723
 4788.20 0.8407576
 4789.60 0.8426625
 4791.00 0.8453293
 4792.40 0.8457102
 4793.80 0.8598058
 4795.20 0.8853303
 4796.60 0.9028545
 4798.00 0.8849493
 4799.40 0.8693299
 4800.80 0.8506627
 4802.20 0.8384719
 4803.60 0.8559962
 4805.00 0.8552342
 4806.40 0.8281859
 4807.80 0.8072330
 4809.20 0.8022804
 4810.60 0.8110426
 4812.00 0.8224714
 4813.40 0.8426625
 4814.80 0.8567581
 4816.20 0.8575200
 4817.60 0.8685679
 4819.00 0.8697108
 4820.40 0.8681870
 4821.80 0.8670441
 4823.20 0.8479959
 4824.60 0.8217095
 4826.00 0.8045662
 4827.40 0.8137094
 4828.80 0.8304717
 4830.20 0.8297097
 4831.60 0.8346622
 4833.00 0.8358051
 4834.40 0.8358051
 4835.80 0.8293288
 4837.20 0.8148522
 4838.60 0.7984708
 4840.00 0.7999947
 4841.40 0.8087568
 4842.80 0.8098997
 4844.20 0.8159951
 4845.60 0.8198048
 4847.00 0.8201857
 4848.40 0.8178999
 4849.80 0.7977089
 4851.20 0.7710415
 4852.60 0.7382788
 4854.00 0.7001825
 4855.40 0.6727532
 4856.80 0.6445620
 4858.20 0.5973226
 4859.60 0.5424640
 4861.00 0.5196062
 4862.40 0.5535119
 4863.80 0.6098944
 4865.20 0.6479906
 4866.60 0.6887536
 4868.00 0.7108494
 4869.40 0.6978967
 4870.80 0.6662768
 4872.20 0.6453238
 4873.60 0.6708483
 4875.00 0.7177068
 4876.40 0.7436122
 4877.80 0.7657080
 4879.20 0.7874229
 4880.60 0.7969469
 4882.00 0.7843752
 4883.40 0.7638033
 4884.80 0.7451361
 4886.20 0.7401835
 4887.60 0.7413264
 4889.00 0.7310405
 4890.40 0.7043731
 4891.80 0.7226593
 4893.20 0.7817085
 4894.60 0.8327575
 4896.00 0.8567581
 4897.40 0.8655202
 4898.80 0.8780920
 4900.20 0.8758062
 4901.60 0.8544723
 4903.00 0.8255192
 4904.40 0.8205667
 4905.80 0.8380910
 4907.20 0.8377100
 4908.60 0.8015185
 4910.00 0.7649461
 4911.40 0.7687558
 4912.80 0.7984708
 4914.20 0.8209476
 4915.60 0.8281859
 4917.00 0.8091377
 4918.40 0.7443742
 4919.80 0.6841820
 4921.20 0.6822773
 4922.60 0.7104685
 4924.00 0.7413264
 4925.40 0.7660890
 4926.80 0.8007566
 4928.20 0.8297097
 4929.60 0.8407576
 4931.00 0.8506627
 4932.40 0.8289478
 4933.80 0.8045662
 4935.20 0.8057091
 4936.60 0.8068520
 4938.00 0.7683748
 4939.40 0.7546601
 4940.80 0.7744702
 4942.20 0.7980898
 4943.60 0.8281859
 4945.00 0.8392338
 4946.40 0.8430434
 4947.80 0.8369480
 4949.20 0.8571391
 4950.60 0.8678060
 4952.00 0.8628535
 4953.40 0.8472340
 4954.80 0.8300907
 4956.20 0.7977089
 4957.60 0.7340881
 4959.00 0.7238022
 4960.40 0.7676129
 4961.80 0.8064711
 4963.20 0.8190428
 4964.60 0.8209476
 4966.00 0.8171380
 4967.40 0.8076140
 4968.80 0.7904706
 4970.20 0.7828514
 4971.60 0.7980898
 4973.00 0.8095187
 4974.40 0.8178999
 4975.80 0.8274239
 4977.20 0.8274239
 4978.60 0.8171380
 4980.00 0.7942803
 4981.40 0.7607555
 4982.80 0.7135162
 4984.20 0.6742771
 4985.60 0.6845630
 4987.00 0.7394216
 4988.40 0.7881849
 4989.80 0.8087568
 4991.20 0.8053282
 4992.60 0.7900896
 4994.00 0.7847561
 4995.40 0.7942803
 4996.80 0.7977089
 4998.20 0.7798037
 4999.60 0.7188497
 5001.00 0.6537050
 5002.40 0.6655149
 5003.80 0.6925632
 5005.20 0.7009444
 5006.60 0.6872298
 5008.00 0.6838011
 5009.40 0.7131352
 5010.80 0.7401835
 5012.20 0.7344691
 5013.60 0.7203735
 5015.00 0.7093256
 5016.40 0.7055160
 5017.80 0.7020873
 5019.20 0.6952300
 5020.60 0.7192306
 5022.00 0.7318024
 5023.40 0.7527553
 5024.80 0.7786607
 5026.20 0.7866610
 5027.60 0.7767560
 5029.00 0.7516124
 5030.40 0.7630413
 5031.80 0.8026614
 5033.20 0.8144712
 5034.60 0.8003757
 5036.00 0.7714224
 5037.40 0.7439932
 5038.80 0.7310405
 5040.20 0.6998015
 5041.60 0.6643720
 5043.00 0.6750390
 5044.40 0.7230402
 5045.80 0.7782798
 5047.20 0.7942803
 5048.60 0.7691367
 5050.00 0.7523743
 5051.40 0.7401835
 5052.80 0.7447551
 5054.20 0.7630413
 5055.60 0.7927564
 5057.00 0.8007566
 5058.40 0.8015185
 5059.80 0.8178999
 5061.20 0.8388529
 5062.60 0.8403767
 5064.00 0.8350432
 5065.40 0.7847561
 5066.80 0.7516124
 5068.20 0.7508505
 5069.60 0.7744702
 5071.00 0.7836132
 5072.40 0.7778988
 5073.80 0.7672319
 5075.20 0.7531363
 5076.60 0.7466599
 5078.00 0.7401835
 5079.40 0.7142781
 5080.80 0.6872298
 5082.20 0.6906584
 5083.60 0.7127543
 5085.00 0.7310405
 5086.40 0.7451361
 5087.80 0.7607555
 5089.20 0.7737083
 5090.60 0.7740892
 5092.00 0.7775178
 5093.40 0.7897086
 5094.80 0.8007566
 5096.20 0.8003757
 5097.60 0.7638033
 5099.00 0.7241831
 5100.40 0.7257070
 5101.80 0.7599936
 5103.20 0.7992328
 5104.60 0.8018995
 5106.00 0.7752321
 5107.40 0.7546601
 5108.80 0.7436122
 5110.20 0.7443742
 5111.60 0.7599936
 5113.00 0.7847561
 5114.40 0.8022804
 5115.80 0.8163760
 5117.20 0.8148522
 5118.60 0.8171380
 5120.00 0.8228524
 5121.40 0.8026614
 5122.80 0.7657080
 5124.20 0.7249451
 5125.60 0.6998015
 5127.00 0.6975157
 5128.40 0.7127543
 5129.80 0.7238022
 5131.20 0.7276118
 5132.60 0.7279927
 5134.00 0.7409455
 5135.40 0.7546601
 5136.80 0.7493267
 5138.20 0.7150400
 5139.60 0.6956109
 5141.00 0.6895155
 5142.40 0.7047540
 5143.80 0.7165639
 5145.20 0.7238022
 5146.60 0.7249451
 5148.00 0.7287547
 5149.40 0.7401835
 5150.80 0.7359930
 5152.20 0.7306595
 5153.60 0.7367549
 5155.00 0.7451361
 5156.40 0.7542792
 5157.80 0.7778988
 5159.20 0.7790417
 5160.60 0.7531363
 5162.00 0.7283737
 5163.40 0.7051350
 5164.80 0.6712293
 5166.20 0.6011322
 5167.60 0.5325589
 5169.00 0.5184634
 5170.40 0.5390353
 5171.80 0.5344638
 5173.20 0.5287493
 5174.60 0.5977036
 5176.00 0.6693246
 5177.40 0.7226593
 5178.80 0.7470409
 5180.20 0.7298976
 5181.60 0.6563718
 5183.00 0.5733220
 5184.40 0.5447497
 5185.80 0.5843699
 5187.20 0.6666578
 5188.60 0.7058969
 5190.00 0.7119923
 5191.40 0.6898965
 5192.80 0.6784676
 5194.20 0.6952300
 5195.60 0.7009444
 5197.00 0.7207544
 5198.40 0.7458979
 5199.80 0.7611365
 5201.20 0.7737083
 5202.60 0.7588507
 5204.00 0.7363739
 5205.40 0.7169448
 5206.80 0.6990396
 5208.20 0.6971348
 5209.60 0.7116114
 5211.00 0.7420884
 5212.40 0.7638033
 5213.80 0.7664700
 5215.20 0.7363739
 5216.60 0.7196116
 5218.00 0.7378978
 5219.40 0.7657080
 5220.80 0.7786607
 5222.20 0.7714224
 5223.60 0.7428503
 5225.00 0.6971348
 5226.40 0.6498955
 5227.80 0.6369427
 5229.20 0.6746580
 5230.60 0.7066589
 5232.00 0.7070398
 5233.40 0.7104685
 5234.80 0.7154210
 5236.20 0.7352310
 5237.60 0.7744702
 5239.00 0.7923754
 5240.40 0.7946612
 5241.80 0.7820895
 5243.20 0.7885658
 5244.60 0.8167570
 5246.00 0.8011376
 5247.40 0.7740892
 5248.80 0.7569459
 5250.20 0.7462789
 5251.60 0.7611365
 5253.00 0.7630413
 5254.40 0.7641842
 5255.80 0.7691367
 5257.20 0.7874229
 5258.60 0.7897086
 5260.00 0.7660890
 5261.40 0.7177068
 5262.80 0.6491335
 5264.20 0.5992274
 5265.60 0.5851318
 5267.00 0.5809412
 5268.40 0.5733220
 5269.80 0.5698933
 5271.20 0.6015131
 5272.60 0.6388475
 5274.00 0.6609434
 5275.40 0.6773247
 5276.80 0.7184687
 5278.20 0.7470409
 5279.60 0.7504696
 5281.00 0.7378978
 5282.40 0.7039921
 5283.80 0.6918013
 5285.20 0.7192306
 5286.60 0.7607555
 5288.00 0.7908515
 5289.40 0.8076140
 5290.80 0.8129474
 5292.20 0.8026614
 5293.60 0.7900896
 5295.00 0.7725654
 5296.40 0.7401835
 5297.80 0.7127543
 5299.20 0.7161829
 5300.60 0.7340881
 5302.00 0.7451361
 5303.40 0.7531363
 5304.80 0.7664700
 5306.20 0.7740892
 5307.60 0.7832323
 5309.00 0.8007566
 5310.40 0.8102806
 5311.80 0.8057091
 5313.20 0.8015185
 5314.60 0.7916135
 5316.00 0.7733273
 5317.40 0.7603746
 5318.80 0.7573269
 5320.20 0.7573269
 5321.60 0.7489457
 5323.00 0.7279927
 5324.40 0.7074208
 5325.80 0.6796105
 5327.20 0.6331330
 5328.60 0.6293235
 5330.00 0.6598004
 5331.40 0.7036111
 5332.80 0.7306595
 5334.20 0.7592316
 5335.60 0.7733273
 5337.00 0.7695177
 5338.40 0.7462789
 5339.80 0.7283737
 5341.20 0.7367549
 5342.60 0.7542792
 5344.00 0.7664700
 5345.40 0.7645651
 5346.80 0.7546601
 5348.20 0.7428503
 5349.60 0.7390407
 5351.00 0.7470409
 5352.40 0.7611365
 5353.80 0.7801846
 5355.20 0.7935183
 5356.60 0.8041852
 5358.00 0.8076140
 5359.40 0.7969469
 5360.80 0.7874229
 5362.20 0.7683748
 5363.60 0.7489457
 5365.00 0.7398026
 5366.40 0.7238022
 5367.80 0.7066589
 5369.20 0.6822773
 5370.60 0.6601814
 5372.00 0.6845630
 5373.40 0.7245641
 5374.80 0.7561840
 5376.20 0.7672319
 5377.60 0.7611365
 5379.00 0.7592316
 5380.40 0.7478028
 5381.80 0.7306595
 5383.20 0.7314214
 5384.60 0.7436122
 5386.00 0.7542792
 5387.40 0.7535172
 5388.80 0.7439932
 5390.20 0.7279927
 5391.60 0.7203735
 5393.00 0.7123733
 5394.40 0.7036111
 5395.80 0.6986586
 5397.20 0.6898965
 5398.60 0.6864678
 5400.00 0.7032302
 5401.40 0.7188497
 5402.80 0.7009444
 5404.20 0.6658958
 5405.60 0.6396094
 5407.00 0.6586575
 5408.40 0.6826582
 5409.80 0.6929442
 5411.20 0.6990396
 5412.60 0.7104685
 5414.00 0.7199925
 5415.40 0.7238022
 5416.80 0.7359930
 5418.20 0.7398026
 5419.60 0.7428503
 5421.00 0.7489457
 5422.40 0.7367549
 5423.80 0.7169448
 5425.20 0.7211354
 5426.60 0.7508505
 5428.00 0.7489457
 5429.40 0.7298976
 5430.80 0.7158019
 5432.20 0.7211354
 5433.60 0.7085636
 5435.00 0.7058969
 5436.40 0.7234212
 5437.80 0.7516124
 5439.20 0.7611365
 5440.60 0.7718034
 5442.00 0.7748512
 5443.40 0.7607555
 5444.80 0.7359930
 5446.20 0.7135162
 5447.60 0.7192306
 5449.00 0.7565650
 5450.40 0.7672319
 5451.80 0.7649461
 5453.20 0.7497076
 5454.60 0.7199925
 5456.00 0.7089446
 5457.40 0.7279927
 5458.80 0.7565650
 5460.20 0.7683748
 5461.60 0.7458979
 5463.00 0.7207544
 5464.40 0.7078017
 5465.80 0.7100875
 5467.20 0.7211354
 5468.60 0.7333262
 5470.00 0.7398026
 5471.40 0.7394216
 5472.80 0.7348501
 5474.20 0.7218973
 5475.60 0.7024682
 5477.00 0.6853249
 5478.40 0.6864678
 5479.80 0.7028492
 5481.20 0.7173258
 5482.60 0.7298976
 5484.00 0.7466599
 5485.40 0.7649461
 5486.80 0.7664700
 5488.20 0.7527553
 5489.60 0.7439932
 5491.00 0.7535172
 5492.40 0.7626604
 5493.80 0.7489457
 5495.20 0.7363739
 5496.60 0.7249451
 5498.00 0.7298976
 5499.40 0.7390407
 5500.80 0.7420884
 5502.20 0.7329452
 5503.60 0.7184687
 5505.00 0.7138971
 5506.40 0.7100875
 5507.80 0.7135162
 5509.20 0.7283737
 5510.60 0.7260880
 5512.00 0.7177068
 5513.40 0.7097065
 5514.80 0.7097065
 5516.20 0.7218973
 5517.60 0.7352310
 5519.00 0.7417074
 5520.40 0.7432313
 5521.80 0.7462789
 5523.20 0.7531363
 5524.60 0.7531363
 5526.00 0.7356120
 5527.40 0.7078017
 5528.80 0.6864678
 5530.20 0.6841820
 5531.60 0.7001825
 5533.00 0.7279927
 5534.40 0.7405645
 5535.80 0.7417074
 5537.20 0.7474218
 5538.60 0.7458979
 5540.00 0.7485647
 5541.40 0.7561840
 5542.80 0.7535172
 5544.20 0.7462789
 5545.60 0.7436122
 5547.00 0.7481838
 5548.40 0.7489457
 5549.80 0.7538982
 5551.20 0.7592316
 5552.60 0.7550411
 5554.00 0.7455170
 5555.40 0.7378978
 5556.80 0.7378978
 5558.20 0.7451361
 5559.60 0.7504696
 5561.00 0.7474218
 5562.40 0.7306595
 5563.80 0.7062779
 5565.20 0.6978967
 5566.60 0.6944681
 5568.00 0.6918013
 5569.40 0.6838011
 5570.80 0.6811344
 5572.20 0.6777057
 5573.60 0.6784676
 5575.00 0.6868488
 5576.40 0.7013254
 5577.80 0.7070398
 5579.20 0.7085636
 5580.60 0.7131352
 5582.00 0.7146590
 5583.40 0.7196116
 5584.80 0.7161829
 5586.20 0.6986586
 5587.60 0.6605624
 5589.00 0.6434191
 5590.40 0.6468477
 5591.80 0.6613243
 5593.20 0.6799915
 5594.60 0.6925632
 5596.00 0.7024682
 5597.40 0.7119923
 5598.80 0.7085636
 5600.20 0.6841820
 5601.60 0.6605624
 5603.00 0.6529431
 5604.40 0.6590385
 5605.80 0.6978967
 5607.20 0.7417074
 5608.60 0.7512315
 5610.00 0.7481838
 5611.40 0.7375168
 5612.80 0.7287547
 5614.20 0.7165639
 5615.60 0.6761818
 5617.00 0.6396094
 5618.40 0.6476096
 5619.80 0.6841820
 5621.20 0.7024682
 5622.60 0.7097065
 5624.00 0.7017063
 5625.40 0.6891345
 5626.80 0.6982777
 5628.20 0.7123733
 5629.60 0.7192306
 5631.00 0.7184687
 5632.40 0.7337072
 5633.80 0.7352310
 5635.20 0.7253260
 5636.60 0.7104685
 5638.00 0.7047540
 5639.40 0.7081827
 5640.80 0.7116114
 5642.20 0.7081827
 5643.60 0.6986586
 5645.00 0.6978967
 5646.40 0.7066589
 5647.80 0.7230402
 5649.20 0.7234212
 5650.60 0.7165639
 5652.00 0.7116114
 5653.40 0.7085636
 5654.80 0.6975157
 5656.20 0.6830391
 5657.60 0.6731341
 5659.00 0.6666578
 5660.40 0.6609434
 5661.80 0.6628482
 5663.20 0.6666578
 5664.60 0.6704674
 5666.00 0.6796105
 5667.40 0.6902774
 5668.80 0.6959919
 5670.20 0.7017063
 5671.60 0.7127543
 5673.00 0.7215164
 5674.40 0.7253260
 5675.80 0.7245641
 5677.20 0.7249451
 5678.60 0.7203735
 5680.00 0.7165639
 5681.40 0.7215164
 5682.80 0.7119923
 5684.20 0.7005635
 5685.60 0.6902774
 5687.00 0.6860869
 5688.40 0.6849440
 5689.80 0.6841820
 5691.20 0.6914203
 5692.60 0.6990396
 5694.00 0.6940871
 5695.40 0.6959919
 5696.80 0.6994206
 5698.20 0.7039921
 5699.60 0.7009444
 5701.00 0.6940871
 5702.40 0.6898965
 5703.80 0.6860869
 5705.20 0.6860869
 5706.60 0.6750390
 5708.00 0.6559909
 5709.40 0.6377047
 5710.80 0.6209422
 5712.20 0.6220852
 5713.60 0.6491335
 5715.00 0.6761818
 5716.40 0.6929442
 5717.80 0.7024682
 5719.20 0.7108494
 5720.60 0.7199925
 5722.00 0.7283737
 5723.40 0.7352310
 5724.80 0.7363739
 5726.20 0.7314214
 5727.60 0.7264689
 5729.00 0.7264689
 5730.40 0.7314214
 5731.80 0.7218973
 5733.20 0.7070398
 5734.60 0.7116114
 5736.00 0.7192306
 5737.40 0.7230402
 5738.80 0.7257070
 5740.20 0.7295166
 5741.60 0.7211354
 5743.00 0.7173258
 5744.40 0.7241831
 5745.80 0.7386597
 5747.20 0.7298976
 5748.60 0.7158019
 5750.00 0.7078017
 5751.40 0.7093256
 5752.80 0.7024682
 5754.20 0.6860869
 5755.60 0.6780866
 5757.00 0.6849440
 5758.40 0.6956109
 5759.80 0.6918013
 5761.20 0.6883727
 5762.60 0.6818963
 5764.00 0.6765628
 5765.40 0.6937062
 5766.80 0.7123733
 5768.20 0.7169448
 5769.60 0.7097065
 5771.00 0.7085636
 5772.40 0.7112304
 5773.80 0.7207544
 5775.20 0.7188497
 5776.60 0.7100875
 5778.00 0.7097065
 5779.40 0.7051350
 5780.80 0.6792295
 5782.20 0.6556099
 5783.60 0.6491335
 5785.00 0.6445620
 5786.40 0.6430381
 5787.80 0.6556099
 5789.20 0.6738961
 5790.60 0.6841820
 5792.00 0.6841820
 5793.40 0.6883727
 5794.80 0.6982777
 5796.20 0.7013254
 5797.60 0.6982777
 5799.00 0.6948490
 5800.40 0.7005635
 5801.80 0.7112304
 5803.20 0.7161829
 5804.60 0.7024682
 5806.00 0.6914203
 5807.40 0.6982777
 5808.80 0.7100875
 5810.20 0.7123733
 5811.60 0.7165639
 5813.00 0.7188497
 5814.40 0.7108494
 5815.80 0.6952300
 5817.20 0.6918013
 5818.60 0.7020873
 5820.00 0.7173258
 5821.40 0.7238022
 5822.80 0.7268498
 5824.20 0.7359930
 5825.60 0.7394216
 5827.00 0.7451361
 5828.40 0.7436122
 5829.80 0.7481838
 5831.20 0.7531363
 5832.60 0.7523743
 5834.00 0.7439932
 5835.40 0.7333262
 5836.80 0.7253260
 5838.20 0.7287547
 5839.60 0.7340881
 5841.00 0.7310405
 5842.40 0.7199925
 5843.80 0.7116114
 5845.20 0.7165639
 5846.60 0.7222783
 5848.00 0.7230402
 5849.40 0.7226593
 5850.80 0.7207544
 5852.20 0.7062779
 5853.60 0.6963728
 5855.00 0.7001825
 5856.40 0.6937062
 5857.80 0.6841820
 5859.20 0.6803724
 5860.60 0.6807534
 5862.00 0.6921823
 5863.40 0.7017063
 5864.80 0.7062779
 5866.20 0.7100875
 5867.60 0.7146590
 5869.00 0.7161829
 5870.40 0.7177068
 5871.80 0.7169448
 5873.20 0.7058969
 5874.60 0.7081827
 5876.00 0.7032302
 5877.40 0.6956109
 5878.80 0.6849440
 5880.20 0.6830391
 5881.60 0.6971348
 5883.00 0.6937062
 5884.40 0.6898965
 5885.80 0.6887536
 5887.20 0.6681817
 5888.60 0.5919891
 5890.00 0.5420830
 5891.40 0.5618931
 5892.80 0.5965607
 5894.20 0.6037990
 5895.60 0.5809412
 5897.00 0.6171327
 5898.40 0.6510383
 5899.80 0.6689436
 5901.20 0.6864678
 5902.60 0.7028492
 5904.00 0.7131352
 5905.40 0.7024682
 5906.80 0.6994206
 5908.20 0.7131352
 5909.60 0.7245641
 5911.00 0.7241831
 5912.40 0.7074208
 5913.80 0.6891345
 5915.20 0.6853249
 5916.60 0.6902774
 5918.00 0.6994206
 5919.40 0.7158019
 5920.80 0.7234212
 5922.20 0.7158019
 5923.60 0.7119923
 5925.00 0.7158019
 5926.40 0.7154210
 5927.80 0.6971348
 5929.20 0.6742771
 5930.60 0.6666578
 5932.00 0.6811344
 5933.40 0.6906584
 5934.80 0.6876108
 5936.20 0.6914203
 5937.60 0.6929442
 5939.00 0.6914203
 5940.40 0.6826582
 5941.80 0.6815154
 5943.20 0.6883727
 5944.60 0.6887536
 5946.00 0.6952300
 5947.40 0.6872298
 5948.80 0.6818963
 5950.20 0.6937062
 5951.60 0.6959919
 5953.00 0.6849440
 5954.40 0.6826582
 5955.80 0.6841820
 5957.20 0.6788486
 5958.60 0.6841820
 5960.00 0.6830391
 5961.40 0.6799915
 5962.80 0.6845630
 5964.20 0.6838011
 5965.60 0.6826582
 5967.00 0.6879917
 5968.40 0.6918013
 5969.80 0.6918013
 5971.20 0.6910394
 5972.60 0.6914203
 5974.00 0.6788486
 5975.40 0.6578956
 5976.80 0.6578956
 5978.20 0.6666578
 5979.60 0.6712293
 5981.00 0.6689436
 5982.40 0.6552289
 5983.80 0.6369427
 5985.20 0.6323711
 5986.60 0.6521812
 5988.00 0.6636101
 5989.40 0.6639910
 5990.80 0.6647529
 5992.20 0.6685626
 5993.60 0.6815154
 5995.00 0.6807534
 5996.40 0.6647529
 5997.80 0.6575147
 5999.20 0.6609434
 6000.60 0.6609434
 6002.00 0.6575147
 6003.40 0.6502764
 6004.80 0.6506574
 6006.20 0.6464667
 6007.60 0.6266567
 6009.00 0.6327521
 6010.40 0.6434191
 6011.80 0.6396094
 6013.20 0.6335140
 6014.60 0.6327521
 6016.00 0.6251329
 6017.40 0.6228471
 6018.80 0.6163707
 6020.20 0.6079895
 6021.60 0.6102753
 6023.00 0.6220852
 6024.40 0.6281806
 6025.80 0.6232281
 6027.20 0.6277996
 6028.60 0.6373237
 6030.00 0.6396094
 6031.40 0.6445620
 6032.80 0.6594195
 6034.20 0.6556099
 6035.60 0.6491335
 6037.00 0.6510383
 6038.40 0.6506574
 6039.80 0.6518002
 6041.20 0.6544670
 6042.60 0.6552289
 6044.00 0.6552289
 6045.40 0.6529431
 6046.80 0.6514192
 6048.20 0.6594195
 6049.60 0.6540860
 6051.00 0.6438001
 6052.40 0.6327521
 6053.80 0.6239900
 6055.20 0.6209422
 6056.60 0.6335140
 6058.00 0.6537050
 6059.40 0.6613243
 6060.80 0.6578956
 6062.20 0.6506574
 6063.60 0.6388475
 6065.00 0.6319902
 6066.40 0.6373237
 6067.80 0.6479906
 6069.20 0.6521812
 6070.60 0.6506574
 6072.00 0.6514192
 6073.40 0.6449429
 6074.80 0.6319902
 6076.20 0.6205613
 6077.60 0.6140849
 6079.00 0.6106563
 6080.40 0.6159898
 6081.80 0.6209422
 6083.20 0.6186565
 6084.60 0.6220852
 6086.00 0.6239900
 6087.40 0.6266567
 6088.80 0.6190375
 6090.20 0.6133230
 6091.60 0.6194184
 6093.00 0.6182756
 6094.40 0.6133230
 6095.80 0.6087515
 6097.20 0.6037990
 6098.60 0.6022751
 6100.00 0.5980845
 6101.40 0.5858937
 6102.80 0.5763696
 6104.20 0.5820841
 6105.60 0.5935130
 6107.00 0.6015131
 6108.40 0.6144659
 6109.80 0.6224661
 6111.20 0.6217042
 6112.60 0.6258948
 6114.00 0.6255138
 6115.40 0.6159898
 6116.80 0.6106563
 6118.20 0.6125611
 6119.60 0.6095134
 6121.00 0.5916082
 6122.40 0.5775125
 6123.80 0.5904653
 6125.20 0.6060848
 6126.60 0.6076085
 6128.00 0.6137039
 6129.40 0.6110373
 6130.80 0.6060848
 6132.20 0.6102753
 6133.60 0.6125611
 6135.00 0.5843699
 6136.40 0.5436069
 6137.80 0.5375115
 6139.20 0.5740839
 6140.60 0.6003703
 6142.00 0.5980845
 6143.40 0.5893224
 6144.80 0.5942749
 6146.20 0.6011322
 6147.60 0.6053228
 6149.00 0.6110373
 6150.40 0.6140849
 6151.80 0.6137039
 6153.20 0.6102753
 6154.60 0.5931320
 6156.00 0.5912272
 6157.40 0.5954178
 6158.80 0.5900843
 6160.20 0.5748458
 6161.60 0.5477975
 6163.00 0.5329399
 6164.40 0.5390353
 6165.80 0.5569405
 6167.20 0.5676075
 6168.60 0.5611312
 6170.00 0.5516071
 6171.40 0.5588454
 6172.80 0.5813222
 6174.20 0.5916082
 6175.60 0.5893224
 6177.00 0.5942749
 6178.40 0.6041799
 6179.80 0.6140849
 6181.20 0.6182756
 6182.60 0.6125611
 6184.00 0.6083705
 6185.40 0.6041799
 6186.80 0.5980845
 6188.20 0.5950368
 6189.60 0.5950368
 6191.00 0.5942749
 6192.40 0.5919891
 6193.80 0.6026561
 6195.20 0.6110373
 6196.60 0.6262757
 6198.00 0.6426572
 6199.40 0.6399904
 6200.80 0.6236090
 6202.20 0.6186565
 6203.60 0.6312283
 6205.00 0.6285615
 6206.40 0.6293235
 6207.80 0.6377047
 6209.20 0.6342759
 6210.60 0.6319902
 6212.00 0.6281806
 6213.40 0.6121802
 6214.80 0.5969416
 6216.20 0.5927511
 6217.60 0.5977036
 6219.00 0.5988465
 6220.40 0.5961797
 6221.80 0.5957987
 6223.20 0.5977036
 6224.60 0.6030370
 6226.00 0.6148468
 6227.40 0.6201803
 6228.80 0.6095134
 6230.20 0.5824650
 6231.60 0.5653217
 6233.00 0.5767506
 6234.40 0.5950368
 6235.80 0.6022751
 6237.20 0.5961797
 6238.60 0.5847508
 6240.00 0.5797983
 6241.40 0.5836079
 6242.80 0.5824650
 6244.20 0.5729410
 6245.60 0.5649408
 6247.00 0.5676075
 6248.40 0.5828460
 6249.80 0.5999894
 6251.20 0.5999894
 6252.60 0.5801793
 6254.00 0.5634169
 6255.40 0.5603692
 6256.80 0.5668456
 6258.20 0.5767506
 6259.60 0.5858937
 6261.00 0.5847508
 6262.40 0.5527500
 6263.80 0.5264635
 6265.20 0.5535119
 6266.60 0.5897033
 6268.00 0.6110373
 6269.40 0.6152278
 6270.80 0.6015131
 6272.20 0.5935130
 6273.60 0.5961797
 6275.00 0.5984655
 6276.40 0.5839889
 6277.80 0.5706552
 6279.20 0.5676075
 6280.60 0.5557977
 6282.00 0.5580834
 6283.40 0.5737029
 6284.80 0.5908462
 6286.20 0.6083705
 6287.60 0.6190375
 6289.00 0.6220852
 6290.40 0.6087515
 6291.80 0.6026561
 6293.20 0.6053228
 6294.60 0.6057038
 6296.00 0.6060848
 6297.40 0.5984655
 6298.80 0.5801793
 6300.20 0.5584644
 6301.60 0.5519880
 6303.00 0.5577025
 6304.40 0.5737029
 6305.80 0.5885604
 6307.20 0.5961797
 6308.60 0.5988465
 6310.00 0.5954178
 6311.40 0.5904653
 6312.80 0.5778935
 6314.20 0.5584644
 6315.60 0.5504642
 6317.00 0.5497023
 6318.40 0.5439878
 6319.80 0.5447497
 6321.20 0.5603692
 6322.60 0.5778935
 6324.00 0.5931320
 6325.40 0.6045609
 6326.80 0.5992274
 6328.20 0.5851318
 6329.60 0.5820841
 6331.00 0.5866557
 6332.40 0.5893224
 6333.80 0.5893224
 6335.20 0.5748458
 6336.60 0.5611312
 6338.00 0.5588454
 6339.40 0.5657027
 6340.80 0.5740839
 6342.20 0.5778935
 6343.60 0.5786554
 6345.00 0.5805603
 6346.40 0.5897033
 6347.80 0.5927511
 6349.20 0.5763696
 6350.60 0.5817031
 6352.00 0.5938940
 6353.40 0.5893224
 6354.80 0.5740839
 6356.20 0.5660837
 6357.60 0.5672266
 6359.00 0.5596073
 6360.40 0.5573215
 6361.80 0.5554167
 6363.20 0.5535119
 6364.60 0.5565596
 6366.00 0.5599883
 6367.40 0.5695123
 6368.80 0.5805603
 6370.20 0.5820841
 6371.60 0.5832270
 6373.00 0.5889414
 6374.40 0.5938940
 6375.80 0.5919891
 6377.20 0.5862747
 6378.60 0.5756077
 6380.00 0.5622741
 6381.40 0.5588454
 6382.80 0.5683695
 6384.20 0.5782745
 6385.60 0.5771316
 6387.00 0.5706552
 6388.40 0.5729410
 6389.80 0.5836079
 6391.20 0.5771316
 6392.60 0.5519880
 6394.00 0.5386543
 6395.40 0.5462736
 6396.80 0.5607502
 6398.20 0.5611312
 6399.60 0.5397972
 6401.00 0.5253207
 6402.40 0.5378924
 6403.80 0.5615121
 6405.20 0.5672266
 6406.60 0.5535119
 6408.00 0.5443688
 6409.40 0.5443688
 6410.80 0.5458926
 6412.20 0.5477975
 6413.60 0.5489404
 6415.00 0.5394163
 6416.40 0.5356067
 6417.80 0.5420830
 6419.20 0.5413211
 6420.60 0.5310351
 6422.00 0.5382734
 6423.40 0.5546548
 6424.80 0.5679885
 6426.20 0.5733220
 6427.60 0.5706552
 6429.00 0.5664646
 6430.40 0.5584644
 6431.80 0.5557977
 6433.20 0.5637979
 6434.60 0.5710362
 6436.00 0.5733220
 6437.40 0.5649408
 6438.80 0.5516071
 6440.20 0.5531309
 6441.60 0.5664646
 6443.00 0.5771316
 6444.40 0.5828460
 6445.80 0.5839889
 6447.20 0.5778935
 6448.60 0.5630360
 6450.00 0.5477975
 6451.40 0.5481784
 6452.80 0.5592263
 6454.20 0.5588454
 6455.60 0.5447497
 6457.00 0.5375115
 6458.40 0.5455117
 6459.80 0.5542738
 6461.20 0.5417021
 6462.60 0.5192253
 6464.00 0.5226539
 6465.40 0.5443688
 6466.80 0.5618931
 6468.20 0.5641788
 6469.60 0.5584644
 6471.00 0.5588454
 6472.40 0.5554167
 6473.80 0.5504642
 6475.20 0.5493214
 6476.60 0.5573215
 6478.00 0.5603692
 6479.40 0.5630360
 6480.80 0.5653217
 6482.20 0.5519880
 6483.60 0.5519880
 6485.00 0.5596073
 6486.40 0.5676075
 6487.80 0.5786554
 6489.20 0.5683695
 6490.60 0.5504642
 6492.00 0.5279874
 6493.40 0.5051297
 6494.80 0.4963675
 6496.20 0.4994153
 6497.60 0.5146537
 6499.00 0.5291303
 6500.40 0.5394163
 6501.80 0.5577025
 6503.20 0.5717981
 6504.60 0.5714171
 6506.00 0.5710362
 6507.40 0.5847508
 6508.80 0.5855128
 6510.20 0.5813222
 6511.60 0.5836079
 6513.00 0.5817031
 6514.40 0.5706552
 6515.80 0.5607502
 6517.20 0.5573215
 6518.60 0.5607502
 6520.00 0.5672266
 6521.40 0.5725600
 6522.80 0.5771316
 6524.20 0.5820841
 6525.60 0.5801793
 6527.00 0.5691314
 6528.40 0.5664646
 6529.80 0.5706552
 6531.20 0.5695123
 6532.60 0.5649408
 6534.00 0.5641788
 6535.40 0.5657027
 6536.80 0.5668456
 6538.20 0.5702742
 6539.60 0.5740839
 6541.00 0.5744649
 6542.40 0.5759887
 6543.80 0.5744649
 6545.20 0.5630360
 6546.60 0.5447497
 6548.00 0.5405592
 6549.40 0.5477975
 6550.80 0.5523690
 6552.20 0.5462736
 6553.60 0.5367496
 6555.00 0.5131298
 6556.40 0.4948436
 6557.80 0.4837958
 6559.20 0.4620809
 6560.60 0.4167464
 6562.00 0.3493160
 6563.40 0.3234105
 6564.80 0.3744595
 6566.20 0.4357945
 6567.60 0.4742717
 6569.00 0.4891292
 6570.40 0.4975104
 6571.80 0.5100822
 6573.20 0.5150347
 6574.60 0.5180824
 6576.00 0.5356067
 6577.40 0.5569405
 6578.80 0.5618931
 6580.20 0.5550358
 6581.60 0.5500833
 6583.00 0.5519880
 6584.40 0.5565596
 6585.80 0.5622741
 6587.20 0.5672266
 6588.60 0.5660837
 6590.00 0.5580834
 6591.40 0.5439878
 6592.80 0.5291303
 6594.20 0.5272255
 6595.60 0.5386543
 6597.00 0.5497023
 6598.40 0.5592263
 6599.80 0.5668456
 6601.20 0.5683695
 6602.60 0.5698933
 6604.00 0.5702742
 6605.40 0.5615121
 6606.80 0.5500833
 6608.20 0.5477975
 6609.60 0.5573215
 6611.00 0.5611312
 6612.40 0.5580834
 6613.80 0.5569405
 6615.20 0.5596073
 6616.60 0.5657027
 6618.00 0.5626550
 6619.40 0.5565596
 6620.80 0.5607502
 6622.20 0.5569405
 6623.60 0.5580834
 6625.00 0.5573215
 6626.40 0.5500833
 6627.80 0.5569405
 6629.20 0.5580834
 6630.60 0.5489404
 6632.00 0.5325589
 6633.40 0.5184634
 6634.80 0.5218920
 6636.20 0.5352257
 6637.60 0.5424640
 6639.00 0.5420830
 6640.40 0.5378924
 6641.80 0.5352257
 6643.20 0.5359876
 6644.60 0.5268445
 6646.00 0.5272255
 6647.40 0.5386543
 6648.80 0.5508451
 6650.20 0.5550358
 6651.60 0.5493214
 6653.00 0.5462736
 6654.40 0.5481784
 6655.80 0.5417021
 6657.20 0.5386543
 6658.60 0.5443688
 6660.00 0.5432260
 6661.40 0.5310351
 6662.80 0.5142727
 6664.20 0.5142727
 6665.60 0.5272255
 6667.00 0.5298923
 6668.40 0.5314161
 6669.80 0.5390353
 6671.20 0.5397972
 6672.60 0.5302732
 6674.00 0.5241778
 6675.40 0.5177015
 6676.80 0.5169395
 6678.20 0.5116061
 6679.60 0.5165586
 6681.00 0.5253207
 6682.40 0.5215110
 6683.80 0.5321780
 6685.20 0.5356067
 6686.60 0.5340828
 6688.00 0.5367496
 6689.40 0.5397972
 6690.80 0.5401782
 6692.20 0.5367496
 6693.60 0.5203681
 6695.00 0.5268445
 6696.40 0.5203681
 6697.80 0.5180824
 6699.20 0.5279874
 6700.60 0.5329399
 6702.00 0.5283684
 6703.40 0.5226539
 6704.80 0.5184634
 6706.20 0.5135108
 6707.60 0.5097012
 6709.00 0.5077964
 6710.40 0.5104632
 6711.80 0.5123680
 6713.20 0.5131298
 6714.60 0.5112251
 6716.00 0.5043678
 6717.40 0.4967485
 6718.80 0.4952246
 6720.20 0.5032248
 6721.60 0.5123680
 6723.00 0.5146537
 6724.40 0.5188443
 6725.80 0.5218920
 6727.20 0.5207491
 6728.60 0.5173205
 6730.00 0.5100822
 6731.40 0.5070344
 6732.80 0.5116061
 6734.20 0.5165586
 6735.60 0.5199872
 6737.00 0.5230349
 6738.40 0.5226539
 6739.80 0.5169395
 6741.20 0.5135108
 6742.60 0.5100822
 6744.00 0.5154156
 6745.40 0.5317970
 6746.80 0.5337018
 6748.20 0.5199872
 6749.60 0.5043678
 6751.00 0.5070344
 6752.40 0.5146537
 6753.80 0.5146537
 6755.20 0.5146537
 6756.60 0.5127489
 6758.00 0.5104632
 6759.40 0.5104632
 6760.80 0.5150347
 6762.20 0.5192253
 6763.60 0.5283684
 6765.00 0.5321780
 6766.40 0.5279874
 6767.80 0.5203681
 6769.20 0.5146537
 6770.60 0.5123680
 6772.00 0.5116061
 6773.40 0.5177015
 6774.80 0.5192253
 6776.20 0.5218920
 6777.60 0.5276064
 6779.00 0.5291303
 6780.40 0.5218920
 6781.80 0.5100822
 6783.20 0.4994153
 6784.60 0.4956056
 6786.00 0.4986533
 6787.40 0.5112251
 6788.80 0.5215110
 6790.20 0.5146537
 6791.60 0.5051297
 6793.00 0.5036058
 6794.40 0.5066535
 6795.80 0.5123680
 6797.20 0.5150347
 6798.60 0.5177015
 6800.00 0.5192253
 6801.40 0.5108441
 6802.80 0.5005581
 6804.20 0.4978914
 6805.60 0.5051297
 6807.00 0.5184634
 6808.40 0.5215110
 6809.80 0.5169395
 6811.20 0.5157966
 6812.60 0.5157966
 6814.00 0.5142727
 6815.40 0.5100822
 6816.80 0.5043678
 6818.20 0.5020819
 6819.60 0.4978914
 6821.00 0.5001771
 6822.40 0.5077964
 6823.80 0.5112251
 6825.20 0.5119870
 6826.60 0.5043678
 6828.00 0.4937008
 6829.40 0.4967485
 6830.80 0.5013200
 6832.20 0.4986533
 6833.60 0.4994153
 6835.00 0.4986533
 6836.40 0.4940817
 6837.80 0.4883673
 6839.20 0.4784623
 6840.60 0.4704621
 6842.00 0.4655096
 6843.40 0.4655096
 6844.80 0.4704621
 6846.20 0.4761765
 6847.60 0.4830338
 6849.00 0.4910341
 6850.40 0.4971295
 6851.80 0.4994153
 6853.20 0.4948436
 6854.60 0.4803671
 6856.00 0.4666524
 6857.40 0.4651286
 6858.80 0.4723669
 6860.20 0.4757955
 6861.60 0.4716050
 6863.00 0.4670334
 6864.40 0.4540807
 6865.80 0.4167464
 6867.20 0.3626497
 6868.60 0.3146484
 6870.00 0.2963622
 6871.40 0.3043624
 6872.80 0.3161722
 6874.20 0.3317917
 6875.60 0.3500779
 6877.00 0.3721737
 6878.40 0.3896980
 6879.80 0.4083652
 6881.20 0.4270324
 6882.60 0.4346516
 6884.00 0.4247466
 6885.40 0.4102700
 6886.80 0.3984602
 6888.20 0.3923648
 6889.60 0.3988411
 6891.00 0.4095080
 6892.40 0.4144606
 6893.80 0.4171273
 6895.20 0.4171273
 6896.60 0.4243656
 6898.00 0.4327468
 6899.40 0.4323658
 6900.80 0.4258894
 6902.20 0.4232227
 6903.60 0.4236037
 6905.00 0.4327468
 6906.40 0.4396041
 6907.80 0.4407470
 6909.20 0.4437947
 6910.60 0.4559855
 6912.00 0.4609380
 6913.40 0.4544616
 6914.80 0.4468424
 6916.20 0.4437947
 6917.60 0.4426518
 6919.00 0.4456995
 6920.40 0.4536997
 6921.80 0.4571284
 6923.20 0.4544616
 6924.60 0.4495091
 6926.00 0.4517949
 6927.40 0.4563664
 6928.80 0.4571284
 6930.20 0.4597951
 6931.60 0.4624618
 6933.00 0.4624618
 6934.40 0.4632238
 6935.80 0.4647476
 6937.20 0.4662715
 6938.60 0.4677953
 6940.00 0.4735098
 6941.40 0.4837958
 6942.80 0.4853196
 6944.20 0.4784623
 6945.60 0.4704621
 6947.00 0.4708430
 6948.40 0.4693192
 6949.80 0.4662715
 6951.20 0.4658905
 6952.60 0.4689382
 6954.00 0.4746527
 6955.40 0.4757955
 6956.80 0.4708430
 6958.20 0.4662715
 6959.60 0.4689382
 6961.00 0.4750336
 6962.40 0.4815100
 6963.80 0.4883673
 6965.20 0.4967485
 6966.60 0.5001771
 6968.00 0.4963675
 6969.40 0.4914150
 6970.80 0.4891292
 6972.20 0.4895102
 6973.60 0.4857006
 6975.00 0.4754145
 6976.40 0.4616999
 6977.80 0.4479853
 6979.20 0.4384612
 6980.60 0.4483662
 6982.00 0.4681763
 6983.40 0.4788433
 6984.80 0.4830338
 6986.20 0.4818909
 6987.60 0.4742717
 6989.00 0.4716050
 6990.40 0.4750336
 6991.80 0.4754145
 6993.20 0.4780813
 6994.60 0.4834148
 6996.00 0.4876054
 6997.40 0.4876054
 6998.80 0.4796052
 7000.20 0.4681763
 7001.60 0.4647476
 7003.00 0.4662715
 7004.40 0.4571284
 7005.80 0.4422708
 7007.20 0.4449376
 7008.60 0.4616999
 7010.00 0.4738908
 7011.40 0.4765574
 7012.80 0.4716050
 7014.20 0.4681763
 7015.60 0.4582713
 7017.00 0.4453185
 7018.40 0.4483662
 7019.80 0.4647476
 7021.20 0.4674144
 7022.60 0.4620809
 7024.00 0.4601761
 7025.40 0.4597951
 7026.80 0.4540807
 7028.20 0.4590332
 7029.60 0.4662715
 7031.00 0.4651286
 7032.40 0.4552236
 7033.80 0.4517949
 7035.20 0.4495091
 7036.60 0.4556045
 7038.00 0.4624618
 7039.40 0.4613190
 7040.80 0.4708430
 7042.20 0.4811290
 7043.60 0.4826528
 7045.00 0.4792242
 7046.40 0.4773194
 7047.80 0.4708430
 7049.20 0.4666524
 7050.60 0.4636047
 7052.00 0.4616999
 7053.40 0.4597951
 7054.80 0.4613190
 7056.20 0.4597951
 7057.60 0.4590332
 7059.00 0.4624618
 7060.40 0.4597951
 7061.80 0.4559855
 7063.20 0.4563664
 7064.60 0.4559855
 7066.00 0.4521759
 7067.40 0.4430328
 7068.80 0.4373183
 7070.20 0.4422708
 7071.60 0.4491282
 7073.00 0.4525569
 7074.40 0.4563664
 7075.80 0.4636047
 7077.20 0.4677953
 7078.60 0.4685573
 7080.00 0.4723669
 7081.40 0.4738908
 7082.80 0.4651286
 7084.20 0.4476043
 7085.60 0.4449376
 7087.00 0.4491282
 7088.40 0.4491282
 7089.80 0.4495091
 7091.20 0.4472233
 7092.60 0.4521759
 7094.00 0.4571284
 7095.40 0.4590332
 7096.80 0.4536997
 7098.20 0.4620809
 7099.60 0.4716050
 7101.00 0.4738908
 7102.40 0.4677953
 7103.80 0.4601761
 7105.20 0.4647476
 7106.60 0.4601761
 7108.00 0.4536997
 7109.40 0.4498901
 7110.80 0.4487472
 7112.20 0.4514139
 7113.60 0.4628428
 7115.00 0.4651286
 7116.40 0.4632238
 7117.80 0.4536997
 7119.20 0.4502710
 7120.60 0.4575093
 7122.00 0.4636047
 7123.40 0.4609380
 7124.80 0.4636047
 7126.20 0.4628428
 7127.60 0.4605570
 7129.00 0.4613190
 7130.40 0.4563664
 7131.80 0.4506520
 7133.20 0.4597951
 7134.60 0.4742717
 7136.00 0.4765574
 7137.40 0.4719859
 7138.80 0.4685573
 7140.20 0.4651286
 7141.60 0.4552236
 7143.00 0.4418899
 7144.40 0.4384612
 7145.80 0.4354135
 7147.20 0.4293181
 7148.60 0.4304610
 7150.00 0.4365564
 7151.40 0.4483662
 7152.80 0.4613190
 7154.20 0.4647476
 7155.60 0.4636047
 7157.00 0.4674144
 7158.40 0.4681763
 7159.80 0.4697001
 7161.20 0.4658905
 7162.60 0.4464614
 7164.00 0.4236037
 7165.40 0.4167464
 7166.80 0.4338897
 7168.20 0.4479853
 7169.60 0.4422708
 7171.00 0.4300801
 7172.40 0.4308420
 7173.80 0.4357945
 7175.20 0.4186511
 7176.60 0.4060794
 7178.00 0.4159844
 7179.40 0.4186511
 7180.80 0.4045556
 7182.20 0.3942696
 7183.60 0.3862694
 7185.00 0.3599829
 7186.40 0.3565543
 7187.80 0.3801740
 7189.20 0.4022698
 7190.60 0.3988411
 7192.00 0.3900790
 7193.40 0.3927457
 7194.80 0.4022698
 7196.20 0.4144606
 7197.60 0.4228417
 7199.00 0.4159844
 7200.40 0.4064603
 7201.80 0.4041746
 7203.20 0.4022698
 7204.60 0.3973173
 7206.00 0.3919838
 7207.40 0.4003650
 7208.80 0.4201750
 7210.20 0.4388422
 7211.60 0.4525569
 7213.00 0.4536997
 7214.40 0.4521759
 7215.80 0.4620809
 7217.20 0.4716050
 7218.60 0.4643667
 7220.00 0.4540807
 7221.40 0.4445566
 7222.80 0.4415089
 7224.20 0.4396041
 7225.60 0.4437947
 7227.00 0.4441756
 7228.40 0.4403660
 7229.80 0.4342706
 7231.20 0.4236037
 7232.60 0.4125557
 7234.00 0.4068413
 7235.40 0.4182702
 7236.80 0.4331278
 7238.20 0.4277943
 7239.60 0.4133177
 7241.00 0.4144606
 7242.40 0.4163654
 7243.80 0.4213179
 7245.20 0.4285562
 7246.60 0.4369374
 7248.00 0.4350325
 7249.40 0.4308420
 7250.80 0.4056984
 7252.20 0.3988411
 7253.60 0.4129367
 7255.00 0.4236037
 7256.40 0.4319848
 7257.80 0.4361755
 7259.20 0.4342706
 7260.60 0.4220798
 7262.00 0.4159844
 7263.40 0.4182702
 7264.80 0.4201750
 7266.20 0.4236037
 7267.60 0.4247466
 7269.00 0.4277943
 7270.40 0.4274133
 7271.80 0.4205560
 7273.20 0.4106510
 7274.60 0.4026507
 7276.00 0.4026507
 7277.40 0.4121748
 7278.80 0.4201750
 7280.20 0.4209370
 7281.60 0.4186511
 7283.00 0.4098890
 7284.40 0.4041746
 7285.80 0.4030317
 7287.20 0.3896980
 7288.60 0.3626497
 7290.00 0.3535066
 7291.40 0.3634116
 7292.80 0.3763643
 7294.20 0.3969363
 7295.60 0.4178893
 7297.00 0.4258894
 7298.40 0.4148416
 7299.80 0.4072223
 7301.20 0.4022698
 7302.60 0.4015079
 7304.00 0.4102700
 7305.40 0.4163654
 7306.80 0.4060794
 7308.20 0.3965553
 7309.60 0.3954125
 7311.00 0.3999840
 7312.40 0.4076033
 7313.80 0.4095080
 7315.20 0.4018888
 7316.60 0.3961744
 7318.00 0.3938886
 7319.40 0.3931267
 7320.80 0.3965553
 7322.20 0.4026507
 7323.60 0.4102700
 7325.00 0.4026507
 7326.40 0.3912219
 7327.80 0.3893171
 7329.20 0.3916028
 7330.60 0.3908409
 7332.00 0.3916028
 7333.40 0.3950315
 7334.80 0.4026507
 7336.20 0.4133177
 7337.60 0.4156034
 7339.00 0.4095080
 7340.40 0.4091271
 7341.80 0.4152225
 7343.20 0.4178893
 7344.60 0.4136987
 7346.00 0.4114129
 7347.40 0.4098890
 7348.80 0.4018888
 7350.20 0.3969363
 7351.60 0.3961744
 7353.00 0.3984602
 7354.40 0.4034127
 7355.80 0.4018888
 7357.20 0.3965553
 7358.60 0.3969363
 7360.00 0.4003650
 7361.40 0.3999840
 7362.80 0.3980792
 7364.20 0.3946505
 7365.60 0.3935076
 7367.00 0.3923648
 7368.40 0.3935076
 7369.80 0.3999840
 7371.20 0.4037936
 7372.60 0.4087461
 7374.00 0.4079842
 7375.40 0.4049365
 7376.80 0.4041746
 7378.20 0.3996030
 7379.60 0.3973173
 7381.00 0.3935076
 7382.40 0.3847455
 7383.80 0.3775072
 7385.20 0.3729357
 7386.60 0.3645545
 7388.00 0.3561733
 7389.40 0.3527446
 7390.80 0.3599829
 7392.20 0.3714118
 7393.60 0.3740786
 7395.00 0.3740786
 7396.40 0.3752214
 7397.80 0.3813168
 7399.20 0.3839836
 7400.60 0.3763643
 7402.00 0.3672212
 7403.40 0.3672212
 7404.80 0.3725547
 7406.20 0.3733166
 7407.60 0.3710309
 7409.00 0.3676022
 7410.40 0.3588400
 7411.80 0.3512208
 7413.20 0.3565543
 7414.60 0.3656974
 7416.00 0.3664593
 7417.40 0.3672212
 7418.80 0.3714118
 7420.20 0.3714118
 7421.60 0.3664593
 7423.00 0.3645545
 7424.40 0.3683641
 7425.80 0.3725547
 7427.20 0.3775072
